2.771e-01
2.774e-01
2.752e-01
2.764e-01
2.798e-01
2.887e-01
2.755e-01
2.801e-01
2.904e-01
2.793e-01
2.770e-01
2.751e-01
2.808e-01
2.800e-01
2.780e-01
2.770e-01
2.762e-01
2.823e-01
2.766e-01
2.771e-01
2.774e-01
2.916e-01
2.744e-01
2.751e-01
2.764e-01
2.775e-01
2.777e-01
2.749e-01
2.792e-01
2.776e-01
2.720e-01
2.790e-01
2.776e-01
2.757e-01
2.852e-01
2.790e-01
2.786e-01
2.757e-01
2.765e-01
2.750e-01
2.744e-01
2.793e-01
2.715e-01
2.736e-01
2.845e-01
2.744e-01
2.795e-01
2.758e-01
2.786e-01
2.741e-01
2.749e-01
2.729e-01
2.830e-01
2.768e-01
2.778e-01
2.818e-01
2.740e-01
2.746e-01
2.743e-01
2.788e-01
2.760e-01
2.764e-01
2.806e-01
2.777e-01
2.785e-01
2.754e-01
2.785e-01
2.725e-01
2.748e-01
2.719e-01
2.731e-01
2.775e-01
2.827e-01
2.775e-01
2.801e-01
2.768e-01
2.865e-01
2.788e-01
2.743e-01
2.781e-01
2.750e-01
2.822e-01
2.825e-01
2.754e-01
2.769e-01
2.741e-01
2.733e-01
2.886e-01
2.782e-01
2.778e-01
2.767e-01
2.738e-01
2.742e-01
2.781e-01
2.769e-01
2.766e-01
2.720e-01
2.759e-01
2.750e-01
2.729e-01
2.865e-01
2.768e-01
2.762e-01
2.762e-01
2.737e-01
2.796e-01
2.775e-01
2.788e-01
2.766e-01
2.755e-01
2.781e-01
2.788e-01
2.755e-01
2.772e-01
2.738e-01
2.725e-01
2.804e-01
2.797e-01
2.746e-01
2.803e-01
2.789e-01
2.714e-01
2.763e-01
2.777e-01
2.780e-01
2.818e-01
2.738e-01
2.792e-01
2.777e-01
2.784e-01
2.825e-01
2.818e-01
2.800e-01
2.764e-01
2.802e-01
2.799e-01
2.786e-01
2.784e-01
2.806e-01
2.766e-01
2.805e-01
2.795e-01
2.813e-01
2.812e-01
2.806e-01
2.774e-01
2.769e-01
2.779e-01
2.770e-01
2.793e-01
2.786e-01
2.814e-01
2.784e-01
2.778e-01
2.823e-01
2.794e-01
2.796e-01
2.775e-01
2.767e-01
2.794e-01
2.789e-01
2.791e-01
2.793e-01
2.785e-01
2.787e-01
2.812e-01
2.863e-01
2.796e-01
2.799e-01
2.777e-01
2.796e-01
2.775e-01
2.784e-01
2.753e-01
2.826e-01
2.793e-01
2.728e-01
2.803e-01
2.778e-01
2.885e-01
2.779e-01
2.816e-01
2.783e-01
2.775e-01
2.797e-01
2.798e-01
2.820e-01
2.793e-01
2.769e-01
2.818e-01
2.842e-01
2.779e-01
2.910e-01
2.827e-01
2.818e-01
2.778e-01
2.820e-01
2.814e-01
2.767e-01
2.769e-01
2.850e-01
2.783e-01
2.778e-01
2.765e-01
2.802e-01
2.889e-01
2.777e-01
2.827e-01
2.831e-01
2.862e-01
2.793e-01
2.825e-01
2.800e-01
2.789e-01
2.804e-01
2.803e-01
2.822e-01
2.786e-01
2.905e-01
2.816e-01
2.764e-01
2.791e-01
2.931e-01
2.801e-01
2.794e-01
2.799e-01
2.839e-01
2.806e-01
2.781e-01
2.748e-01
2.795e-01
2.877e-01
2.789e-01
2.809e-01
2.807e-01
2.859e-01
2.849e-01
2.747e-01
2.814e-01
2.792e-01
2.789e-01
2.833e-01
2.799e-01
2.788e-01
2.818e-01
2.780e-01
2.835e-01
2.776e-01
2.790e-01
2.821e-01
2.819e-01
2.763e-01
2.824e-01
2.835e-01
2.778e-01
2.788e-01
2.805e-01
2.833e-01
2.811e-01
2.782e-01
2.782e-01
2.780e-01
2.793e-01
2.803e-01
2.823e-01
2.810e-01
2.763e-01
2.759e-01
2.820e-01
2.803e-01
2.800e-01
2.832e-01
2.795e-01
2.792e-01
2.772e-01
2.789e-01
2.795e-01
2.753e-01
2.793e-01
2.813e-01
2.804e-01
3.514e-01
3.178e-01
3.084e-01
3.337e-01
3.046e-01
3.039e-01
2.994e-01
2.930e-01
2.771e-01
2.778e-01
2.767e-01
2.776e-01
2.781e-01
2.887e-01
2.793e-01
2.916e-01
2.793e-01
2.772e-01
2.805e-01
2.802e-01
2.803e-01
2.771e-01
2.787e-01
2.799e-01
2.771e-01
2.775e-01
2.846e-01
2.808e-01
2.872e-01
2.803e-01
2.781e-01
2.773e-01
2.803e-01
2.792e-01
2.809e-01
2.794e-01
2.775e-01
2.802e-01
2.822e-01
2.775e-01
2.801e-01
2.876e-01
2.766e-01
2.800e-01
2.809e-01
2.774e-01
2.802e-01
2.787e-01
2.810e-01
2.812e-01
2.796e-01
2.807e-01
2.794e-01
2.778e-01
2.895e-01
2.787e-01
2.802e-01
2.786e-01
2.809e-01
2.814e-01
2.803e-01
2.774e-01
2.838e-01
2.824e-01
2.821e-01
2.799e-01
2.823e-01
2.831e-01
2.821e-01
2.814e-01
2.769e-01
2.772e-01
2.829e-01
2.769e-01
2.786e-01
2.808e-01
2.834e-01
2.789e-01
2.787e-01
2.787e-01
2.855e-01
2.774e-01
2.831e-01
2.755e-01
2.794e-01
2.802e-01
2.767e-01
2.797e-01
2.794e-01
2.807e-01
2.760e-01
2.812e-01
2.821e-01
2.801e-01
2.800e-01
2.771e-01
2.820e-01
2.764e-01
2.834e-01
2.822e-01
2.805e-01
2.781e-01
2.791e-01
2.776e-01
2.790e-01
2.815e-01
2.822e-01
2.816e-01
2.867e-01
2.789e-01
2.825e-01
2.795e-01
2.803e-01
2.823e-01
2.804e-01
2.782e-01
2.792e-01
2.807e-01
2.762e-01
2.781e-01
2.810e-01
2.803e-01
2.806e-01
2.775e-01
2.793e-01
2.763e-01
2.805e-01
2.806e-01
2.884e-01
3.232e-01
3.123e-01
3.192e-01
3.031e-01
3.365e-01
2.835e-01
2.955e-01
2.814e-01
2.762e-01
2.803e-01
2.828e-01
2.787e-01
2.742e-01
2.754e-01
2.771e-01
2.772e-01
2.869e-01
2.789e-01
2.810e-01
3.232e-01
3.110e-01
3.002e-01
3.221e-01
3.195e-01
2.985e-01
2.990e-01
3.097e-01
2.974e-01
2.911e-01
2.922e-01
2.862e-01
2.844e-01
2.857e-01
2.896e-01
2.835e-01
2.937e-01
3.094e-01
3.082e-01
2.909e-01
3.008e-01
3.153e-01
3.039e-01
3.157e-01
2.885e-01
2.863e-01
2.892e-01
2.984e-01
2.998e-01
3.199e-01
3.187e-01
2.982e-01
2.930e-01
2.980e-01
3.044e-01
2.870e-01
2.863e-01
2.859e-01
2.937e-01
2.850e-01
2.852e-01
2.913e-01
2.865e-01
2.852e-01
2.864e-01
2.894e-01
2.826e-01
2.940e-01
2.872e-01
2.860e-01
2.872e-01
2.851e-01
2.854e-01
2.898e-01
2.848e-01
2.825e-01
2.886e-01
2.892e-01
2.874e-01
2.871e-01
2.972e-01
2.890e-01
2.849e-01
2.834e-01
2.842e-01
2.858e-01
2.847e-01
2.866e-01
2.879e-01
2.875e-01
2.858e-01
2.868e-01
2.850e-01
2.916e-01
2.877e-01
2.839e-01
2.874e-01
2.867e-01
2.883e-01
2.917e-01
2.866e-01
2.919e-01
2.870e-01
2.855e-01
2.866e-01
2.908e-01
2.833e-01
2.885e-01
2.875e-01
2.862e-01
2.850e-01
2.867e-01
2.863e-01
2.874e-01
2.866e-01
2.922e-01
2.929e-01
2.948e-01
2.958e-01
2.908e-01
2.950e-01
2.937e-01
2.875e-01
2.859e-01
2.854e-01
2.855e-01
2.853e-01
2.872e-01
2.819e-01
2.885e-01
2.997e-01
2.937e-01
2.828e-01
2.887e-01
2.844e-01
2.902e-01
2.854e-01
2.858e-01
2.891e-01
2.869e-01
2.878e-01
2.880e-01
2.879e-01
2.858e-01
2.993e-01
2.819e-01
2.872e-01
2.857e-01
2.859e-01
2.830e-01
2.856e-01
2.852e-01
2.884e-01
2.885e-01
2.846e-01
2.840e-01
2.833e-01
2.914e-01
2.865e-01
2.844e-01
2.880e-01
2.880e-01
2.909e-01
2.867e-01
2.834e-01
2.831e-01
2.849e-01
2.859e-01
2.879e-01
2.869e-01
2.856e-01
2.851e-01
2.862e-01
2.868e-01
2.861e-01
2.865e-01
2.855e-01
2.875e-01
2.831e-01
2.894e-01
2.878e-01
2.887e-01
2.889e-01
2.872e-01
2.874e-01
2.860e-01
2.840e-01
2.884e-01
2.837e-01
2.876e-01
2.854e-01
2.849e-01
2.872e-01
2.852e-01
2.821e-01
2.892e-01
2.860e-01
2.855e-01
2.850e-01
2.833e-01
2.874e-01
2.898e-01
2.846e-01
2.867e-01
2.818e-01
2.860e-01
2.856e-01
2.873e-01
2.870e-01
2.825e-01
2.857e-01
2.849e-01
2.906e-01
2.851e-01
2.883e-01
2.885e-01
2.866e-01
2.872e-01
2.868e-01
2.889e-01
2.839e-01
2.976e-01
2.844e-01
2.879e-01
2.839e-01
2.875e-01
2.871e-01
2.846e-01
2.880e-01
2.851e-01
2.811e-01
2.945e-01
3.065e-01
2.912e-01
3.211e-01
3.100e-01
3.095e-01
3.318e-01
3.271e-01
3.181e-01
2.928e-01
2.939e-01
2.841e-01
2.889e-01
2.903e-01
2.926e-01
2.987e-01
2.947e-01
2.964e-01
2.850e-01
2.855e-01
2.955e-01
2.864e-01
2.840e-01
3.267e-01
3.043e-01
2.987e-01
2.887e-01
2.993e-01
2.896e-01
2.936e-01
3.233e-01
3.247e-01
3.019e-01
2.976e-01
3.109e-01
3.549e-01
2.876e-01
2.893e-01
2.891e-01
2.833e-01
2.955e-01
2.870e-01
2.897e-01
2.835e-01
2.858e-01
2.900e-01
2.997e-01
2.979e-01
2.963e-01
2.851e-01
2.849e-01
2.864e-01
2.857e-01
2.966e-01
2.801e-01
2.844e-01
2.883e-01
2.802e-01
2.936e-01
2.983e-01
3.046e-01
3.383e-01
3.530e-01
2.927e-01
2.843e-01
2.983e-01
2.903e-01
3.056e-01
3.094e-01
3.117e-01
2.903e-01
3.014e-01
3.125e-01
2.947e-01
3.102e-01
3.101e-01
2.932e-01
3.127e-01
2.998e-01
2.911e-01
3.030e-01
3.048e-01
2.991e-01
3.081e-01
2.948e-01
3.132e-01
3.117e-01
2.956e-01
2.895e-01
2.961e-01
3.200e-01
3.547e-01
2.954e-01
3.126e-01
3.108e-01
2.877e-01
2.839e-01
2.876e-01
3.152e-01
3.129e-01
2.949e-01
2.961e-01
2.966e-01
2.943e-01
3.125e-01
3.235e-01
3.419e-01
2.915e-01
2.931e-01
3.132e-01
2.977e-01
3.144e-01
3.133e-01
2.847e-01
2.908e-01
2.912e-01
2.908e-01
2.904e-01
2.846e-01
2.851e-01
2.842e-01
2.863e-01
2.866e-01
2.895e-01
2.856e-01
2.872e-01
2.872e-01
2.945e-01
2.862e-01
3.145e-01
3.000e-01
3.020e-01
3.189e-01
2.973e-01
3.396e-01
2.925e-01
2.974e-01
2.955e-01
2.868e-01
2.876e-01
2.864e-01
2.868e-01
2.867e-01
2.889e-01
2.884e-01
2.856e-01
2.856e-01
2.882e-01
2.877e-01
2.890e-01
2.844e-01
2.900e-01
2.866e-01
2.887e-01
2.977e-01
2.963e-01
2.944e-01
2.987e-01
2.851e-01
2.877e-01
2.820e-01
2.871e-01
2.901e-01
2.856e-01
2.862e-01
2.962e-01
2.861e-01
2.861e-01
2.865e-01
2.855e-01
2.859e-01
2.901e-01
2.855e-01
2.891e-01
2.864e-01
2.863e-01
2.867e-01
2.844e-01
2.907e-01
2.867e-01
2.849e-01
3.062e-01
2.922e-01
2.979e-01
2.990e-01
2.927e-01
2.933e-01
2.911e-01
2.989e-01
2.985e-01
3.048e-01
3.244e-01
3.223e-01
2.906e-01
2.974e-01
2.853e-01
2.993e-01
2.903e-01
2.858e-01
2.842e-01
2.946e-01
3.011e-01
2.996e-01
2.964e-01
2.863e-01
2.887e-01
2.854e-01
2.955e-01
2.932e-01
3.448e-01
3.040e-01
3.258e-01
2.904e-01
2.859e-01
2.846e-01
2.917e-01
2.920e-01
2.840e-01
2.856e-01
2.845e-01
2.888e-01
2.845e-01
2.870e-01
2.851e-01
2.854e-01
2.855e-01
2.831e-01
2.901e-01
2.993e-01
2.846e-01
2.845e-01
2.859e-01
3.115e-01
3.004e-01
3.036e-01
3.130e-01
2.875e-01
2.844e-01
2.889e-01
2.829e-01
2.838e-01
2.858e-01
2.848e-01
2.894e-01
2.845e-01
2.871e-01
2.862e-01
2.924e-01
2.861e-01
2.848e-01
2.861e-01
2.859e-01
2.841e-01
2.912e-01
2.866e-01
2.832e-01
2.818e-01
2.844e-01
2.854e-01
2.841e-01
2.860e-01
2.874e-01
2.872e-01
2.887e-01
2.876e-01
2.847e-01
2.859e-01
2.917e-01
2.841e-01
2.996e-01
3.132e-01
3.039e-01
2.824e-01
3.449e-01
3.098e-01
2.904e-01
3.179e-01
2.977e-01
2.968e-01
2.927e-01
3.140e-01
2.954e-01
2.895e-01
3.017e-01
3.315e-01
3.037e-01
3.166e-01
3.051e-01
3.293e-01
3.058e-01
2.948e-01
3.061e-01
2.901e-01
2.976e-01
2.996e-01
3.289e-01
3.028e-01
3.524e-01
2.967e-01
3.265e-01
2.917e-01
3.003e-01
3.009e-01
2.995e-01
2.896e-01
2.858e-01
2.910e-01
2.863e-01
2.911e-01
2.868e-01
3.057e-01
3.097e-01
2.965e-01
3.005e-01
3.241e-01
3.182e-01
3.529e-01
3.317e-01
3.232e-01
3.147e-01
3.257e-01
3.093e-01
3.172e-01
3.220e-01
3.184e-01
3.082e-01
2.985e-01
3.128e-01
3.150e-01
3.200e-01
3.081e-01
3.279e-01
2.944e-01
3.088e-01
2.849e-01
3.289e-01
2.909e-01
2.839e-01
2.875e-01
2.941e-01
2.835e-01
2.934e-01
2.865e-01
2.825e-01
2.849e-01
2.803e-01
2.814e-01
2.934e-01
2.936e-01
2.887e-01
2.877e-01
3.333e-01
2.929e-01
3.009e-01
3.220e-01
3.011e-01
3.165e-01
3.017e-01
3.122e-01
3.240e-01
3.164e-01
3.091e-01
3.188e-01
3.112e-01
2.826e-01
2.998e-01
3.023e-01
2.833e-01
2.784e-01
2.818e-01
2.826e-01
2.827e-01
2.849e-01
2.820e-01
2.823e-01
2.844e-01
2.851e-01
2.986e-01
2.799e-01
2.818e-01
2.828e-01
2.790e-01
2.847e-01
2.845e-01
2.814e-01
2.827e-01
2.804e-01
2.830e-01
2.831e-01
2.817e-01
2.938e-01
2.874e-01
2.822e-01
2.847e-01
2.866e-01
2.802e-01
2.838e-01
2.807e-01
2.804e-01
2.839e-01
2.821e-01
2.814e-01
2.821e-01
2.929e-01
2.813e-01
2.853e-01
2.812e-01
2.817e-01
2.806e-01
2.807e-01
2.823e-01
2.788e-01
2.805e-01
2.851e-01
2.826e-01
2.811e-01
2.954e-01
2.798e-01
2.815e-01
2.840e-01
2.816e-01
2.807e-01
2.856e-01
2.778e-01
2.831e-01
2.843e-01
2.825e-01
2.844e-01
2.820e-01
2.947e-01
2.819e-01
2.812e-01
2.844e-01
2.830e-01
2.843e-01
2.810e-01
2.813e-01
2.834e-01
2.815e-01
2.809e-01
2.820e-01
2.810e-01
2.953e-01
2.863e-01
2.814e-01
2.795e-01
2.842e-01
2.813e-01
2.806e-01
2.847e-01
2.797e-01
2.806e-01
2.796e-01
2.805e-01
2.865e-01
2.952e-01
2.828e-01
2.841e-01
2.836e-01
2.819e-01
2.830e-01
2.790e-01
2.820e-01
2.820e-01
2.823e-01
2.890e-01
2.816e-01
2.844e-01
2.921e-01
2.823e-01
2.814e-01
2.803e-01
2.827e-01
2.805e-01
2.847e-01
2.845e-01
2.845e-01
2.823e-01
2.809e-01
2.878e-01
2.795e-01
2.916e-01
2.840e-01
2.815e-01
2.832e-01
2.781e-01
2.848e-01
2.864e-01
2.827e-01
2.831e-01
2.820e-01
2.847e-01
2.841e-01
2.868e-01
2.927e-01
2.870e-01
2.784e-01
2.873e-01
2.848e-01
2.824e-01
2.817e-01
2.825e-01
2.846e-01
2.866e-01
2.900e-01
2.829e-01
2.848e-01
2.988e-01
2.831e-01
2.867e-01
2.801e-01
2.789e-01
2.847e-01
2.825e-01
2.805e-01
2.865e-01
2.823e-01
2.839e-01
2.808e-01
2.808e-01
2.820e-01
2.855e-01
2.850e-01
2.865e-01
2.826e-01
2.883e-01
2.835e-01
2.822e-01
2.828e-01
2.806e-01
2.828e-01
2.821e-01
2.843e-01
2.812e-01
2.804e-01
2.825e-01
2.817e-01
2.826e-01
2.872e-01
2.824e-01
2.816e-01
2.823e-01
2.782e-01
2.806e-01
2.844e-01
2.824e-01
2.822e-01
2.822e-01
2.814e-01
2.817e-01
2.835e-01
2.830e-01
2.795e-01
2.860e-01
2.807e-01
2.828e-01
2.807e-01
2.852e-01
2.818e-01
2.912e-01
2.891e-01
2.997e-01
2.807e-01
3.262e-01
3.049e-01
3.145e-01
3.149e-01
3.316e-01
3.174e-01
3.134e-01
3.088e-01
2.931e-01
2.827e-01
2.810e-01
2.871e-01
2.825e-01
2.831e-01
2.799e-01
2.857e-01
2.870e-01
2.792e-01
2.837e-01
2.826e-01
2.829e-01
2.823e-01
2.848e-01
2.835e-01
2.817e-01
2.795e-01
2.811e-01
2.821e-01
2.827e-01
2.852e-01
2.819e-01
2.833e-01
2.810e-01
2.816e-01
2.803e-01
2.822e-01
2.823e-01
2.832e-01
2.788e-01
2.790e-01
2.883e-01
2.847e-01
2.834e-01
2.837e-01
2.843e-01
2.808e-01
2.803e-01
2.805e-01
2.798e-01
2.799e-01
2.821e-01
2.868e-01
2.859e-01
2.813e-01
2.775e-01
2.841e-01
2.838e-01
2.789e-01
2.836e-01
2.798e-01
2.799e-01
2.795e-01
2.782e-01
2.843e-01
2.833e-01
2.848e-01
2.845e-01
2.892e-01
2.849e-01
2.869e-01
2.806e-01
2.830e-01
2.816e-01
2.878e-01
2.868e-01
2.849e-01
2.845e-01
2.865e-01
2.829e-01
2.827e-01
2.830e-01
2.813e-01
2.869e-01
2.823e-01
2.863e-01
2.860e-01
2.862e-01
2.795e-01
2.849e-01
2.827e-01
2.833e-01
2.849e-01
2.803e-01
2.801e-01
2.797e-01
2.829e-01
2.817e-01
2.820e-01
2.859e-01
2.858e-01
2.833e-01
2.859e-01
2.841e-01
2.826e-01
2.819e-01
2.784e-01
2.874e-01
2.801e-01
2.822e-01
2.817e-01
2.888e-01
2.827e-01
2.812e-01
2.838e-01
2.835e-01
2.820e-01
2.811e-01
2.808e-01
2.791e-01
2.805e-01
2.797e-01
2.842e-01
2.849e-01
2.835e-01
2.863e-01
2.836e-01
2.828e-01
2.787e-01
2.820e-01
2.855e-01
2.814e-01
2.845e-01
2.827e-01
2.839e-01
2.824e-01
2.810e-01
2.842e-01
2.812e-01
2.806e-01
2.790e-01
2.836e-01
2.878e-01
2.866e-01
2.854e-01
2.789e-01
2.809e-01
2.883e-01
2.788e-01
2.832e-01
2.848e-01
2.823e-01
2.826e-01
2.786e-01
2.797e-01
2.803e-01
2.793e-01
2.831e-01
2.818e-01
2.819e-01
2.842e-01
2.808e-01
2.834e-01
2.822e-01
2.841e-01
2.814e-01
2.837e-01
2.855e-01
2.855e-01
2.857e-01
2.806e-01
2.832e-01
2.838e-01
2.826e-01
2.846e-01
2.814e-01
2.825e-01
2.850e-01
2.827e-01
2.819e-01
2.810e-01
2.810e-01
2.810e-01
2.817e-01
2.824e-01
2.820e-01
2.836e-01
2.805e-01
2.834e-01
2.832e-01
2.805e-01
2.882e-01
2.866e-01
2.814e-01
2.807e-01
2.799e-01
2.820e-01
2.840e-01
2.848e-01
2.869e-01
2.831e-01
2.819e-01
2.856e-01
2.827e-01
2.854e-01
2.818e-01
2.814e-01
2.796e-01
2.794e-01
2.847e-01
2.817e-01
2.808e-01
2.815e-01
2.844e-01
2.824e-01
2.824e-01
2.818e-01
2.825e-01
2.845e-01
2.814e-01
2.850e-01
2.877e-01
2.813e-01
2.821e-01
2.852e-01
2.828e-01
2.827e-01
2.841e-01
2.850e-01
2.850e-01
2.831e-01
2.793e-01
2.839e-01
2.848e-01
2.817e-01
2.850e-01
2.812e-01
2.807e-01
2.853e-01
2.841e-01
2.821e-01
2.836e-01
2.849e-01
2.815e-01
2.793e-01
2.831e-01
2.807e-01
2.815e-01
2.847e-01
2.808e-01
2.839e-01
2.845e-01
2.847e-01
2.824e-01
2.837e-01
2.813e-01
2.797e-01
2.855e-01
2.831e-01
2.820e-01
2.824e-01
2.797e-01
2.832e-01
2.863e-01
2.806e-01
2.830e-01
2.800e-01
2.840e-01
3.137e-01
2.829e-01
2.892e-01
2.862e-01
2.783e-01
2.837e-01
2.826e-01
2.851e-01
2.788e-01
2.826e-01
2.856e-01
2.843e-01
2.801e-01
2.926e-01
2.832e-01
2.809e-01
2.853e-01
2.817e-01
2.815e-01
2.849e-01
2.858e-01
2.834e-01
2.810e-01
2.870e-01
2.793e-01
2.809e-01
2.960e-01
2.806e-01
2.812e-01
2.822e-01
2.791e-01
2.857e-01
2.820e-01
2.868e-01
2.789e-01
2.854e-01
2.852e-01
2.826e-01
2.825e-01
2.949e-01
2.793e-01
2.860e-01
2.831e-01
2.807e-01
2.853e-01
2.807e-01
2.832e-01
2.798e-01
2.860e-01
2.828e-01
2.860e-01
2.856e-01
2.940e-01
2.831e-01
2.793e-01
2.818e-01
2.851e-01
2.824e-01
2.852e-01
2.920e-01
3.158e-01
3.318e-01
3.195e-01
3.153e-01
3.134e-01
3.169e-01
3.125e-01
3.034e-01
3.073e-01
2.959e-01
3.159e-01
2.944e-01
2.999e-01
2.977e-01
3.013e-01
3.061e-01
2.918e-01
3.115e-01
3.020e-01
3.298e-01
2.877e-01
2.810e-01
2.859e-01
2.841e-01
2.851e-01
2.899e-01
2.826e-01
2.887e-01
2.932e-01
3.010e-01
2.852e-01
2.855e-01
2.875e-01
2.861e-01
2.871e-01
2.856e-01
2.934e-01
2.838e-01
2.863e-01
2.864e-01
2.864e-01
2.842e-01
2.961e-01
2.829e-01
2.850e-01
2.846e-01
2.878e-01
2.837e-01
2.898e-01
2.850e-01
2.865e-01
2.874e-01
2.903e-01
2.834e-01
2.851e-01
2.893e-01
2.854e-01
2.879e-01
2.846e-01
2.912e-01
2.870e-01
2.862e-01
2.902e-01
2.821e-01
2.866e-01
2.849e-01
2.816e-01
2.858e-01
2.848e-01
2.850e-01
2.864e-01
2.883e-01
2.833e-01
2.890e-01
2.888e-01
2.853e-01
2.882e-01
2.860e-01
2.845e-01
2.840e-01
2.880e-01
2.895e-01
2.892e-01
2.846e-01
2.858e-01
2.851e-01
2.860e-01
2.849e-01
2.875e-01
2.911e-01
2.951e-01
2.864e-01
2.848e-01
2.832e-01
2.830e-01
2.836e-01
2.862e-01
2.833e-01
2.878e-01
2.841e-01
2.853e-01
2.864e-01
2.845e-01
2.861e-01
2.844e-01
2.878e-01
2.926e-01
2.855e-01
2.837e-01
2.850e-01
2.868e-01
2.854e-01
2.873e-01
2.857e-01
2.825e-01
2.839e-01
2.849e-01
2.849e-01
2.833e-01
2.985e-01
2.864e-01
2.825e-01
2.836e-01
2.810e-01
2.852e-01
2.820e-01
2.854e-01
2.906e-01
2.883e-01
2.850e-01
2.853e-01
2.905e-01
2.952e-01
2.889e-01
2.837e-01
2.833e-01
2.861e-01
2.897e-01
2.823e-01
2.844e-01
2.884e-01
2.863e-01
2.808e-01
2.849e-01
2.873e-01
2.944e-01
2.856e-01
2.815e-01
2.875e-01
2.850e-01
2.865e-01
2.878e-01
2.865e-01
2.842e-01
2.867e-01
2.883e-01
2.871e-01
2.939e-01
2.876e-01
2.817e-01
2.867e-01
2.859e-01
2.840e-01
2.880e-01
2.850e-01
2.862e-01
2.855e-01
2.829e-01
2.895e-01
2.890e-01
2.840e-01
2.883e-01
2.836e-01
2.905e-01
2.866e-01
2.857e-01
2.861e-01
2.849e-01
2.827e-01
2.854e-01
2.888e-01
2.889e-01
2.872e-01
2.846e-01
2.855e-01
2.864e-01
2.858e-01
2.831e-01
2.851e-01
2.860e-01
2.874e-01
2.831e-01
2.876e-01
2.864e-01
2.846e-01
2.854e-01
2.942e-01
2.873e-01
2.846e-01
2.875e-01
2.882e-01
2.848e-01
2.875e-01
2.835e-01
2.855e-01
2.851e-01
2.840e-01
2.872e-01
2.865e-01
2.988e-01
2.880e-01
2.866e-01
2.852e-01
2.868e-01
2.866e-01
2.892e-01
2.821e-01
2.913e-01
3.242e-01
3.110e-01
3.231e-01
3.199e-01
3.222e-01
3.215e-01
3.208e-01
3.305e-01
3.281e-01
2.841e-01
3.281e-01
2.964e-01
2.888e-01
3.235e-01
2.844e-01
2.900e-01
2.855e-01
2.859e-01
2.866e-01
2.921e-01
2.844e-01
2.833e-01
2.842e-01
2.854e-01
2.847e-01
2.867e-01
2.881e-01
2.850e-01
2.857e-01
2.807e-01
2.865e-01
2.812e-01
2.832e-01
2.858e-01
2.853e-01
2.876e-01
2.858e-01
2.882e-01
2.883e-01
2.826e-01
2.822e-01
2.969e-01
2.903e-01
2.907e-01
2.879e-01
2.828e-01
2.857e-01
2.864e-01
2.856e-01
2.862e-01
2.895e-01
2.819e-01
2.854e-01
2.853e-01
2.955e-01
2.886e-01
2.862e-01
2.854e-01
2.870e-01
2.871e-01
2.848e-01
2.889e-01
2.850e-01
2.829e-01
2.874e-01
2.860e-01
2.876e-01
2.935e-01
2.874e-01
2.824e-01
2.886e-01
2.832e-01
2.835e-01
2.833e-01
2.830e-01
2.853e-01
2.871e-01
2.851e-01
2.896e-01
2.856e-01
2.874e-01
2.914e-01
2.819e-01
2.848e-01
2.902e-01
2.862e-01
2.826e-01
2.877e-01
2.882e-01
2.912e-01
2.841e-01
2.860e-01
2.879e-01
2.870e-01
2.837e-01
2.893e-01
2.853e-01
2.829e-01
2.884e-01
2.844e-01
2.856e-01
2.850e-01
2.831e-01
2.848e-01
2.847e-01
2.848e-01
2.845e-01
2.839e-01
2.859e-01
2.860e-01
2.865e-01
2.894e-01
2.877e-01
2.847e-01
2.881e-01
2.852e-01
2.830e-01
2.866e-01
2.849e-01
2.874e-01
2.878e-01
2.890e-01
2.860e-01
2.836e-01
2.851e-01
2.879e-01
2.890e-01
2.839e-01
2.859e-01
2.867e-01
2.877e-01
2.963e-01
2.822e-01
2.854e-01
2.860e-01
2.865e-01
2.835e-01
2.838e-01
2.872e-01
2.890e-01
2.914e-01
2.843e-01
2.844e-01
2.873e-01
2.952e-01
2.840e-01
2.864e-01
2.868e-01
2.873e-01
2.867e-01
2.865e-01
2.895e-01
2.831e-01
2.847e-01
2.854e-01
2.837e-01
2.899e-01
2.954e-01
2.847e-01
2.863e-01
2.850e-01
2.832e-01
2.885e-01
2.899e-01
2.851e-01
2.827e-01
2.833e-01
2.898e-01
2.874e-01
2.839e-01
2.871e-01
2.845e-01
2.847e-01
2.936e-01
2.842e-01
2.847e-01
2.887e-01
2.843e-01
2.901e-01
2.828e-01
2.828e-01
2.864e-01
2.834e-01
2.877e-01
2.869e-01
2.897e-01
2.832e-01
2.860e-01
2.875e-01
2.858e-01
2.871e-01
2.854e-01
3.077e-01
2.846e-01
2.835e-01
2.860e-01
2.884e-01
2.898e-01
2.896e-01
2.885e-01
2.838e-01
2.905e-01
2.866e-01
2.910e-01
2.923e-01
2.844e-01
2.872e-01
2.805e-01
3.013e-01
2.855e-01
2.859e-01
2.844e-01
2.863e-01
2.841e-01
2.873e-01
2.885e-01
2.840e-01
2.863e-01
2.861e-01
2.857e-01
2.890e-01
3.006e-01
2.881e-01
2.891e-01
2.879e-01
2.876e-01
2.881e-01
2.905e-01
2.843e-01
2.903e-01
2.868e-01
2.843e-01
2.868e-01
2.869e-01
2.906e-01
2.859e-01
2.871e-01
2.884e-01
2.869e-01
2.850e-01
2.866e-01
2.876e-01
2.846e-01
2.910e-01
2.907e-01
2.863e-01
2.867e-01
2.910e-01
2.839e-01
2.853e-01
2.824e-01
2.827e-01
2.864e-01
2.879e-01
2.840e-01
2.853e-01
2.844e-01
2.867e-01
2.855e-01
2.875e-01
2.854e-01
2.888e-01
2.845e-01
2.810e-01
2.822e-01
2.883e-01
2.842e-01
2.831e-01
2.892e-01
2.881e-01
2.836e-01
2.874e-01
2.838e-01
2.855e-01
2.872e-01
2.859e-01
2.909e-01
2.871e-01
2.848e-01
2.837e-01
2.888e-01
2.877e-01
2.897e-01
2.838e-01
2.838e-01
2.879e-01
2.851e-01
2.849e-01
2.852e-01
2.827e-01
2.851e-01
2.832e-01
2.869e-01
2.810e-01
2.833e-01
2.862e-01
2.857e-01
2.875e-01
2.950e-01
2.852e-01
2.897e-01
2.835e-01
2.905e-01
2.880e-01
2.865e-01
2.854e-01
2.895e-01
2.885e-01
2.879e-01
2.836e-01
2.879e-01
2.971e-01
2.901e-01
2.846e-01
2.833e-01
2.849e-01
2.877e-01
2.818e-01
2.848e-01
2.880e-01
2.847e-01
2.876e-01
2.839e-01
2.829e-01
2.935e-01
2.899e-01
2.883e-01
2.864e-01
2.853e-01
2.867e-01
2.878e-01
2.861e-01
2.864e-01
2.837e-01
2.847e-01
2.832e-01
2.836e-01
2.844e-01
2.844e-01
2.863e-01
2.812e-01
2.849e-01
2.862e-01
2.847e-01
2.882e-01
2.860e-01
2.905e-01
2.882e-01
2.878e-01
2.870e-01
2.880e-01
2.850e-01
2.846e-01
2.918e-01
2.887e-01
2.894e-01
2.904e-01
2.865e-01
2.885e-01
2.886e-01
2.882e-01
2.846e-01
2.893e-01
2.862e-01
2.836e-01
2.868e-01
2.846e-01
2.869e-01
2.884e-01
2.884e-01
2.865e-01
2.884e-01
2.864e-01
2.876e-01
2.872e-01
2.965e-01
2.879e-01
2.900e-01
2.865e-01
2.834e-01
2.874e-01
2.845e-01
2.873e-01
2.857e-01
2.831e-01
2.854e-01
2.844e-01
2.877e-01
2.997e-01
2.843e-01
2.832e-01
2.875e-01
2.844e-01
2.874e-01
2.897e-01
2.829e-01
2.854e-01
2.886e-01
2.835e-01
2.888e-01
2.878e-01
2.852e-01
2.828e-01
2.848e-01
2.883e-01
2.885e-01
2.914e-01
2.834e-01
2.849e-01
2.845e-01
2.899e-01
2.839e-01
2.838e-01
2.822e-01
2.871e-01
2.877e-01
2.858e-01
2.866e-01
2.862e-01
2.826e-01
2.883e-01
2.839e-01
2.869e-01
2.885e-01
2.862e-01
2.852e-01
2.873e-01
2.853e-01
2.860e-01
2.845e-01
2.867e-01
2.887e-01
2.830e-01
2.852e-01
2.861e-01
2.881e-01
2.837e-01
2.884e-01
2.833e-01
2.877e-01
2.892e-01
2.894e-01
2.849e-01
2.843e-01
2.849e-01
2.874e-01
2.894e-01
2.872e-01
2.849e-01
2.835e-01
2.946e-01
2.869e-01
2.954e-01
2.869e-01
2.866e-01
2.854e-01
2.843e-01
2.874e-01
2.894e-01
2.864e-01
2.824e-01
2.867e-01
2.878e-01
2.844e-01
2.829e-01
2.997e-01
2.813e-01
2.857e-01
2.863e-01
2.834e-01
2.864e-01
3.326e-01
3.003e-01
3.111e-01
3.190e-01
3.163e-01
3.048e-01
3.262e-01
3.257e-01
3.201e-01
3.173e-01
3.261e-01
3.217e-01
3.203e-01
3.217e-01
3.110e-01
3.104e-01
3.485e-01
2.810e-01
3.010e-01
2.862e-01
2.872e-01
2.863e-01
2.871e-01
2.894e-01
2.878e-01
2.843e-01
2.839e-01
2.827e-01
2.859e-01
2.853e-01
2.867e-01
2.966e-01
2.891e-01
2.828e-01
2.827e-01
2.861e-01
2.857e-01
2.829e-01
2.878e-01
2.898e-01
2.923e-01
2.853e-01
2.926e-01
2.890e-01
2.943e-01
2.847e-01
2.907e-01
2.824e-01
2.875e-01
2.863e-01
2.861e-01
2.855e-01
2.878e-01
2.841e-01
2.880e-01
3.317e-01
3.384e-01
3.156e-01
3.258e-01
3.116e-01
3.184e-01
2.807e-01
3.315e-01
2.842e-01
2.814e-01
2.827e-01
2.781e-01
2.808e-01
2.830e-01
2.851e-01
2.792e-01
2.745e-01
2.809e-01
2.782e-01
2.784e-01
2.799e-01
2.813e-01
2.753e-01
2.846e-01
2.800e-01
2.784e-01
2.741e-01
2.896e-01
2.788e-01
2.758e-01
2.794e-01
2.825e-01
2.780e-01
2.782e-01
2.762e-01
2.801e-01
2.800e-01
2.748e-01
2.812e-01
2.812e-01
2.905e-01
2.781e-01
2.779e-01
2.778e-01
2.731e-01
2.795e-01
2.827e-01
2.801e-01
2.792e-01
2.803e-01
2.808e-01
2.780e-01
2.799e-01
2.893e-01
2.791e-01
2.793e-01
2.775e-01
2.771e-01
2.879e-01
2.794e-01
2.750e-01
2.770e-01
2.798e-01
2.800e-01
2.803e-01
2.795e-01
2.822e-01
2.847e-01
2.810e-01
2.835e-01
2.774e-01
2.776e-01
2.757e-01
2.783e-01
2.810e-01
2.802e-01
2.779e-01
2.781e-01
2.848e-01
2.796e-01
2.781e-01
2.747e-01
2.779e-01
2.777e-01
2.794e-01
2.809e-01
2.789e-01
2.753e-01
2.806e-01
2.823e-01
2.824e-01
2.794e-01
2.741e-01
2.799e-01
2.794e-01
2.801e-01
2.784e-01
2.783e-01
2.804e-01
2.838e-01
2.796e-01
2.764e-01
2.786e-01
2.781e-01
2.777e-01
2.792e-01
2.774e-01
2.768e-01
3.014e-01
2.977e-01
2.972e-01
2.941e-01
2.910e-01
3.046e-01
3.212e-01
3.102e-01
2.902e-01
3.263e-01
3.029e-01
2.936e-01
2.882e-01
3.044e-01
3.267e-01
3.137e-01
2.999e-01
3.162e-01
3.198e-01
3.097e-01
2.836e-01
2.868e-01
2.946e-01
2.799e-01
2.846e-01
2.829e-01
2.853e-01
2.820e-01
2.825e-01
2.830e-01
2.799e-01
2.837e-01
2.820e-01
2.837e-01
2.856e-01
2.947e-01
2.862e-01
2.874e-01
2.823e-01
2.819e-01
2.796e-01
2.807e-01
2.812e-01
2.820e-01
2.854e-01
2.850e-01
2.825e-01
2.787e-01
2.978e-01
2.843e-01
2.862e-01
2.810e-01
2.880e-01
2.839e-01
2.806e-01
2.838e-01
2.859e-01
2.789e-01
2.834e-01
2.847e-01
2.855e-01
2.930e-01
2.853e-01
2.816e-01
2.857e-01
2.811e-01
2.852e-01
2.812e-01
2.845e-01
2.826e-01
2.837e-01
2.881e-01
2.859e-01
2.854e-01
2.798e-01
2.836e-01
2.907e-01
2.993e-01
2.827e-01
2.794e-01
2.840e-01
2.849e-01
2.789e-01
2.860e-01
2.828e-01
2.808e-01
2.831e-01
2.853e-01
2.869e-01
2.855e-01
2.813e-01
2.841e-01
2.813e-01
3.186e-01
2.872e-01
3.136e-01
3.178e-01
2.943e-01
2.918e-01
2.976e-01
2.936e-01
2.825e-01
2.913e-01
2.908e-01
2.837e-01
2.937e-01
2.989e-01
2.995e-01
2.858e-01
2.924e-01
2.904e-01
2.951e-01
3.072e-01
2.922e-01
2.964e-01
2.986e-01
2.942e-01
2.827e-01
2.918e-01
2.938e-01
2.853e-01
2.913e-01
2.786e-01
2.841e-01
2.868e-01
2.785e-01
2.889e-01
2.876e-01
2.835e-01
2.914e-01
2.901e-01
2.813e-01
2.851e-01
2.825e-01
2.977e-01
2.948e-01
2.939e-01
2.883e-01
2.858e-01
2.818e-01
2.814e-01
2.892e-01
2.863e-01
2.801e-01
2.876e-01
2.850e-01
2.847e-01
2.823e-01
2.810e-01
2.822e-01
2.827e-01
2.835e-01
2.840e-01
2.808e-01
2.827e-01
2.805e-01
2.858e-01
2.835e-01
2.811e-01
2.832e-01
2.844e-01
2.875e-01
2.824e-01
2.912e-01
2.934e-01
3.015e-01
3.269e-01
3.224e-01
3.180e-01
3.384e-01
3.037e-01
3.465e-01
3.168e-01
3.434e-01
2.924e-01
2.895e-01
2.869e-01
2.901e-01
3.124e-01
3.088e-01
3.222e-01
3.181e-01
3.108e-01
3.156e-01
2.973e-01
2.832e-01
2.814e-01
2.871e-01
2.828e-01
2.812e-01
2.814e-01
2.910e-01
2.825e-01
2.854e-01
2.837e-01
2.897e-01
2.856e-01
2.864e-01
2.885e-01
2.902e-01
2.846e-01
2.848e-01
2.830e-01
2.831e-01
2.828e-01
2.831e-01
2.839e-01
2.850e-01
2.839e-01
2.840e-01
2.880e-01
2.860e-01
2.836e-01
2.892e-01
2.850e-01
2.873e-01
2.844e-01
2.843e-01
2.791e-01
2.853e-01
2.825e-01
2.817e-01
2.838e-01
2.811e-01
2.817e-01
2.895e-01
2.841e-01
2.874e-01
2.845e-01
2.835e-01
2.877e-01
2.904e-01
2.826e-01
2.813e-01
2.859e-01
2.821e-01
2.802e-01
2.826e-01
2.857e-01
2.821e-01
2.805e-01
2.896e-01
2.896e-01
2.863e-01
2.891e-01
2.854e-01
2.887e-01
2.855e-01
2.814e-01
2.862e-01
2.856e-01
2.846e-01
2.958e-01
2.833e-01
2.863e-01
2.839e-01
2.851e-01
2.851e-01
2.904e-01
2.846e-01
2.814e-01
2.852e-01
2.848e-01
2.835e-01
2.859e-01
2.920e-01
2.867e-01
2.848e-01
2.841e-01
2.834e-01
2.886e-01
2.850e-01
2.869e-01
2.863e-01
2.872e-01
2.877e-01
2.878e-01
2.850e-01
2.941e-01
2.886e-01
2.820e-01
2.871e-01
2.799e-01
2.859e-01
2.839e-01
2.854e-01
2.838e-01
2.869e-01
2.856e-01
2.836e-01
2.876e-01
2.885e-01
2.805e-01
2.782e-01
2.855e-01
2.839e-01
2.848e-01
2.802e-01
2.860e-01
2.860e-01
2.852e-01
2.833e-01
2.887e-01
2.874e-01
2.851e-01
2.876e-01
2.886e-01
2.873e-01
2.815e-01
2.874e-01
2.882e-01
2.814e-01
2.827e-01
2.826e-01
2.839e-01
2.816e-01
2.851e-01
2.833e-01
2.867e-01
2.887e-01
2.855e-01
2.886e-01
2.812e-01
2.861e-01
2.837e-01
2.796e-01
2.875e-01
2.811e-01
2.827e-01
2.836e-01
2.841e-01
2.811e-01
2.903e-01
2.851e-01
2.852e-01
2.858e-01
2.853e-01
2.833e-01
2.799e-01
2.839e-01
2.821e-01
2.840e-01
2.817e-01
2.867e-01
2.833e-01
2.791e-01
2.834e-01
2.869e-01
2.883e-01
2.835e-01
2.859e-01
2.845e-01
2.879e-01
2.846e-01
2.809e-01
2.873e-01
2.818e-01
2.828e-01
2.843e-01
2.819e-01
2.806e-01
2.803e-01
2.838e-01
2.866e-01
2.849e-01
2.860e-01
2.862e-01
2.858e-01
2.876e-01
2.821e-01
2.850e-01
2.857e-01
2.810e-01
2.845e-01
2.791e-01
2.859e-01
2.809e-01
2.825e-01
2.845e-01
2.854e-01
2.859e-01
2.880e-01
2.887e-01
2.807e-01
2.837e-01
2.850e-01
2.825e-01
2.840e-01
2.823e-01
2.830e-01
2.859e-01
2.827e-01
2.833e-01
2.855e-01
2.904e-01
2.847e-01
2.854e-01
2.836e-01
2.855e-01
2.805e-01
2.820e-01
2.793e-01
2.847e-01
2.832e-01
2.839e-01
2.819e-01
2.806e-01
2.912e-01
2.829e-01
2.858e-01
2.855e-01
2.848e-01
2.839e-01
2.902e-01
2.853e-01
2.824e-01
2.812e-01
2.808e-01
2.839e-01
2.896e-01
2.938e-01
2.824e-01
2.827e-01
2.819e-01
2.860e-01
2.875e-01
2.831e-01
2.870e-01
2.862e-01
2.859e-01
2.828e-01
2.829e-01
2.855e-01
2.961e-01
2.784e-01
2.895e-01
2.816e-01
2.847e-01
2.892e-01
2.857e-01
2.873e-01
2.905e-01
2.851e-01
2.889e-01
2.863e-01
2.832e-01
2.991e-01
2.846e-01
2.863e-01
2.837e-01
2.848e-01
2.843e-01
2.828e-01
2.835e-01
2.826e-01
2.869e-01
2.874e-01
2.869e-01
2.892e-01
2.918e-01
2.807e-01
2.848e-01
2.843e-01
2.861e-01
2.834e-01
2.875e-01
2.787e-01
2.804e-01
2.854e-01
2.835e-01
2.888e-01
2.878e-01
2.892e-01
2.878e-01
2.837e-01
2.835e-01
2.864e-01
2.844e-01
2.849e-01
2.815e-01
2.841e-01
2.817e-01
2.810e-01
2.835e-01
2.803e-01
2.865e-01
2.978e-01
2.998e-01
2.914e-01
2.858e-01
2.815e-01
2.806e-01
2.870e-01
2.802e-01
2.819e-01
2.825e-01
2.914e-01
2.832e-01
2.854e-01
2.836e-01
2.840e-01
2.859e-01
2.878e-01
2.887e-01
2.874e-01
2.817e-01
2.867e-01
2.865e-01
2.800e-01
2.836e-01
2.811e-01
2.780e-01
2.828e-01
2.826e-01
2.872e-01
2.878e-01
2.865e-01
2.880e-01
2.878e-01
2.837e-01
2.808e-01
2.835e-01
2.852e-01
2.836e-01
2.842e-01
2.814e-01
2.826e-01
2.829e-01
2.830e-01
2.860e-01
2.863e-01
2.861e-01
2.879e-01
2.865e-01
2.820e-01
2.866e-01
2.880e-01
2.779e-01
2.836e-01
2.816e-01
2.828e-01
2.863e-01
2.845e-01
2.861e-01
2.824e-01
2.847e-01
2.863e-01
2.835e-01
2.859e-01
3.054e-01
2.844e-01
2.816e-01
2.800e-01
2.845e-01
2.869e-01
2.859e-01
2.827e-01
2.810e-01
2.813e-01
2.826e-01
2.846e-01
2.861e-01
2.972e-01
2.889e-01
2.850e-01
2.822e-01
2.831e-01
2.801e-01
2.833e-01
2.836e-01
2.855e-01
2.825e-01
2.810e-01
2.821e-01
2.918e-01
2.983e-01
2.896e-01
2.827e-01
2.846e-01
2.866e-01
2.834e-01
2.829e-01
2.890e-01
2.803e-01
2.838e-01
2.834e-01
2.827e-01
2.822e-01
2.905e-01
2.859e-01
2.881e-01
2.861e-01
2.839e-01
2.892e-01
2.854e-01
2.938e-01
2.842e-01
2.797e-01
2.794e-01
2.837e-01
2.847e-01
2.828e-01
2.879e-01
2.821e-01
2.855e-01
2.822e-01
2.834e-01
2.853e-01
2.840e-01
2.906e-01
2.843e-01
2.871e-01
2.805e-01
2.810e-01
2.857e-01
2.822e-01
2.835e-01
2.826e-01
2.812e-01
2.810e-01
2.837e-01
2.879e-01
2.859e-01
2.870e-01
2.848e-01
2.860e-01
2.864e-01
2.867e-01
2.858e-01
2.858e-01
2.838e-01
2.827e-01
2.828e-01
2.888e-01
2.828e-01
2.789e-01
2.879e-01
2.837e-01
2.865e-01
2.869e-01
2.885e-01
2.828e-01
2.868e-01
2.845e-01
2.841e-01
2.821e-01
3.125e-01
2.839e-01
2.824e-01
2.857e-01
2.822e-01
2.859e-01
2.853e-01
2.857e-01
2.850e-01
2.904e-01
2.826e-01
2.851e-01
2.811e-01
2.857e-01
2.843e-01
2.803e-01
2.834e-01
2.812e-01
2.846e-01
2.851e-01
2.882e-01
2.872e-01
2.872e-01
2.835e-01
2.843e-01
2.857e-01
2.817e-01
2.815e-01
2.822e-01
2.837e-01
2.870e-01
2.826e-01
2.969e-01
2.807e-01
2.873e-01
2.848e-01
2.846e-01
2.891e-01
2.833e-01
2.860e-01
2.862e-01
2.887e-01
2.814e-01
2.828e-01
2.859e-01
2.998e-01
2.830e-01
2.870e-01
2.851e-01
2.838e-01
2.897e-01
2.851e-01
2.875e-01
2.892e-01
2.873e-01
2.828e-01
2.850e-01
2.839e-01
2.977e-01
2.788e-01
2.812e-01
2.887e-01
2.814e-01
2.853e-01
2.845e-01
2.847e-01
2.853e-01
2.856e-01
2.856e-01
2.866e-01
2.818e-01
2.937e-01
2.818e-01
2.806e-01
2.838e-01
2.794e-01
2.812e-01
2.841e-01
2.878e-01
2.906e-01
2.847e-01
2.907e-01
2.865e-01
2.856e-01
2.863e-01
2.843e-01
2.814e-01
2.858e-01
2.810e-01
2.830e-01
2.786e-01
2.840e-01
2.806e-01
2.851e-01
2.863e-01
2.871e-01
2.865e-01
2.862e-01
2.849e-01
2.850e-01
2.863e-01
2.809e-01
2.848e-01
2.846e-01
2.864e-01
2.845e-01
2.799e-01
2.804e-01
2.873e-01
2.804e-01
2.813e-01
2.901e-01
2.903e-01
2.814e-01
2.867e-01
2.818e-01
2.892e-01
2.847e-01
2.841e-01
2.875e-01
2.840e-01
2.823e-01
2.843e-01
2.822e-01
2.835e-01
2.866e-01
2.873e-01
2.865e-01
2.836e-01
2.865e-01
2.943e-01
2.803e-01
2.832e-01
2.856e-01
2.820e-01
2.811e-01
2.880e-01
2.770e-01
2.808e-01
2.870e-01
2.833e-01
2.857e-01
2.886e-01
2.901e-01
2.850e-01
2.830e-01
2.876e-01
2.871e-01
2.878e-01
2.813e-01
2.798e-01
2.828e-01
2.841e-01
2.849e-01
2.870e-01
2.836e-01
2.853e-01
2.929e-01
2.875e-01
2.849e-01
2.860e-01
2.812e-01
2.822e-01
2.819e-01
2.856e-01
2.802e-01
2.852e-01
2.852e-01
2.868e-01
2.857e-01
2.785e-01
2.854e-01
2.875e-01
2.838e-01
2.985e-01
2.901e-01
2.824e-01
2.829e-01
2.864e-01
2.849e-01
2.822e-01
2.850e-01
2.865e-01
2.839e-01
2.808e-01
2.852e-01
2.853e-01
2.989e-01
2.831e-01
2.865e-01
2.862e-01
2.833e-01
2.841e-01
2.817e-01
2.802e-01
2.860e-01
2.871e-01
2.845e-01
2.819e-01
2.834e-01
2.951e-01
2.854e-01
2.840e-01
2.879e-01
2.856e-01
2.855e-01
2.838e-01
2.821e-01
2.850e-01
2.851e-01
2.838e-01
2.817e-01
2.849e-01
2.985e-01
2.847e-01
2.832e-01
2.859e-01
2.852e-01
2.852e-01
2.882e-01
2.851e-01
2.834e-01
2.835e-01
2.834e-01
2.859e-01
2.829e-01
2.903e-01
2.821e-01
2.839e-01
2.825e-01
2.913e-01
2.834e-01
2.873e-01
2.875e-01
2.886e-01
2.833e-01
2.873e-01
2.799e-01
2.821e-01
2.853e-01
2.969e-01
3.287e-01
3.007e-01
3.600e-01
3.151e-01
2.975e-01
3.097e-01
3.195e-01
3.304e-01
3.028e-01
3.141e-01
3.269e-01
3.306e-01
3.331e-01
3.128e-01
3.101e-01
3.212e-01
2.975e-01
2.780e-01
2.845e-01
2.775e-01
2.751e-01
3.164e-01
3.230e-01
2.781e-01
2.823e-01
2.803e-01
2.750e-01
2.780e-01
3.076e-01
3.035e-01
3.023e-01
3.086e-01
2.893e-01
2.784e-01
3.047e-01
3.009e-01
3.037e-01
3.055e-01
2.849e-01
2.765e-01
2.776e-01
2.779e-01
3.470e-01
3.133e-01
3.897e-01
3.422e-01
2.902e-01
3.097e-01
3.222e-01
3.493e-01
3.894e-01
3.447e-01
2.782e-01
3.401e-01
3.566e-01
2.827e-01
2.855e-01
3.220e-01
3.060e-01
2.976e-01
3.075e-01
2.818e-01
2.779e-01
2.794e-01
2.812e-01
2.792e-01
2.778e-01
2.760e-01
2.819e-01
2.778e-01
2.750e-01
2.888e-01
2.820e-01
2.807e-01
2.774e-01
2.806e-01
2.788e-01
2.764e-01
2.812e-01
2.795e-01
2.817e-01
2.789e-01
2.807e-01
2.821e-01
2.921e-01
2.813e-01
2.787e-01
2.779e-01
2.807e-01
2.775e-01
2.812e-01
2.791e-01
2.773e-01
2.794e-01
2.818e-01
2.859e-01
2.815e-01
2.756e-01
2.781e-01
2.796e-01
2.789e-01
2.798e-01
2.759e-01
2.861e-01
2.768e-01
2.784e-01
2.800e-01
2.793e-01
2.800e-01
2.804e-01
2.774e-01
2.810e-01
2.808e-01
2.823e-01
2.811e-01
2.790e-01
2.768e-01
2.813e-01
2.812e-01
2.783e-01
2.787e-01
2.790e-01
2.849e-01
2.783e-01
2.793e-01
2.853e-01
2.822e-01
2.815e-01
2.773e-01
2.763e-01
2.819e-01
2.767e-01
2.767e-01
2.770e-01
2.749e-01
2.758e-01
2.799e-01
2.786e-01
2.815e-01
2.792e-01
2.786e-01
2.818e-01
2.820e-01
2.773e-01
2.780e-01
2.797e-01
2.811e-01
2.758e-01
2.769e-01
2.779e-01
2.778e-01
2.811e-01
2.798e-01
2.758e-01
2.813e-01
2.800e-01
2.756e-01
2.776e-01
2.794e-01
2.785e-01
2.803e-01
2.802e-01
2.771e-01
2.863e-01
2.785e-01
2.766e-01
2.785e-01
2.784e-01
2.821e-01
2.750e-01
2.757e-01
2.794e-01
2.777e-01
2.805e-01
2.766e-01
2.794e-01
2.943e-01
2.772e-01
2.785e-01
2.794e-01
2.800e-01
2.772e-01
2.774e-01
2.824e-01
2.831e-01
2.804e-01
2.860e-01
2.811e-01
2.782e-01
2.920e-01
2.837e-01
2.768e-01
2.766e-01
2.796e-01
2.769e-01
2.814e-01
2.777e-01
2.780e-01
2.796e-01
2.789e-01
2.756e-01
2.770e-01
2.894e-01
2.794e-01
2.801e-01
2.810e-01
2.829e-01
2.778e-01
2.787e-01
2.766e-01
2.758e-01
2.780e-01
2.785e-01
2.920e-01
2.865e-01
2.820e-01
2.771e-01
2.801e-01
2.778e-01
2.787e-01
2.827e-01
2.789e-01
2.863e-01
2.778e-01
2.818e-01
2.832e-01
2.828e-01
3.003e-01
2.806e-01
2.821e-01
2.787e-01
2.739e-01
2.800e-01
2.837e-01
2.802e-01
2.810e-01
2.790e-01
2.772e-01
2.798e-01
2.833e-01
2.765e-01
2.813e-01
2.775e-01
2.762e-01
2.837e-01
2.803e-01
2.788e-01
2.776e-01
2.790e-01
2.773e-01
2.777e-01
2.780e-01
2.855e-01
2.800e-01
2.775e-01
2.799e-01
2.811e-01
2.792e-01
2.778e-01
2.782e-01
2.780e-01
2.800e-01
2.812e-01
2.797e-01
2.777e-01
2.819e-01
2.766e-01
2.808e-01
2.788e-01
2.749e-01
2.766e-01
2.839e-01
2.793e-01
2.796e-01
2.782e-01
2.766e-01
2.777e-01
2.745e-01
2.786e-01
2.832e-01
2.760e-01
2.837e-01
2.815e-01
2.787e-01
2.787e-01
2.776e-01
2.774e-01
2.863e-01
2.810e-01
2.774e-01
2.784e-01
2.781e-01
2.793e-01
2.806e-01
2.812e-01
2.756e-01
2.777e-01
2.808e-01
2.818e-01
2.748e-01
2.807e-01
2.796e-01
2.779e-01
2.806e-01
2.807e-01
2.826e-01
2.758e-01
2.890e-01
2.789e-01
2.787e-01
2.773e-01
2.801e-01
2.780e-01
2.808e-01
2.783e-01
2.803e-01
2.746e-01
2.830e-01
2.772e-01
2.760e-01
2.915e-01
2.842e-01
2.762e-01
2.796e-01
2.795e-01
2.769e-01
2.768e-01
2.742e-01
2.823e-01
2.771e-01
2.823e-01
2.764e-01
2.780e-01
2.931e-01
2.771e-01
2.759e-01
2.818e-01
2.782e-01
2.797e-01
2.761e-01
2.783e-01
2.783e-01
2.804e-01
2.780e-01
2.845e-01
2.773e-01
2.815e-01
2.763e-01
2.777e-01
2.743e-01
2.788e-01
2.797e-01
2.800e-01
2.809e-01
2.801e-01
2.780e-01
2.792e-01
2.787e-01
2.753e-01
2.775e-01
2.815e-01
2.785e-01
2.758e-01
2.801e-01
2.793e-01
2.779e-01
2.797e-01
2.799e-01
2.798e-01
2.792e-01
2.822e-01
2.824e-01
2.820e-01
2.772e-01
2.819e-01
2.767e-01
2.786e-01
2.757e-01
2.767e-01
2.826e-01
2.797e-01
2.796e-01
2.815e-01
2.833e-01
2.785e-01
2.780e-01
2.812e-01
2.821e-01
2.786e-01
2.808e-01
2.790e-01
2.806e-01
2.815e-01
2.788e-01
2.780e-01
2.812e-01
2.800e-01
2.781e-01
2.816e-01
2.786e-01
2.758e-01
2.837e-01
2.789e-01
2.822e-01
2.832e-01
2.798e-01
2.795e-01
2.831e-01
2.767e-01
2.797e-01
2.778e-01
2.799e-01
2.820e-01
2.758e-01
2.782e-01
2.776e-01
2.776e-01
2.816e-01
2.793e-01
2.832e-01
2.782e-01
2.809e-01
2.790e-01
2.791e-01
2.794e-01
2.783e-01
2.771e-01
2.795e-01
2.781e-01
2.779e-01
2.795e-01
2.777e-01
2.822e-01
2.788e-01
2.750e-01
2.833e-01
2.770e-01
2.773e-01
2.859e-01
2.806e-01
2.791e-01
2.784e-01
2.778e-01
2.774e-01
2.826e-01
2.791e-01
2.771e-01
2.778e-01
2.788e-01
2.846e-01
2.776e-01
2.858e-01
2.793e-01
2.788e-01
2.764e-01
2.823e-01
2.817e-01
2.829e-01
2.762e-01
2.763e-01
2.811e-01
2.772e-01
2.793e-01
2.807e-01
2.976e-01
2.770e-01
2.755e-01
2.760e-01
2.824e-01
2.774e-01
2.817e-01
2.793e-01
2.780e-01
2.804e-01
2.809e-01
2.807e-01
2.783e-01
2.884e-01
2.769e-01
2.835e-01
2.799e-01
2.761e-01
2.798e-01
2.782e-01
2.840e-01
2.762e-01
2.766e-01
2.798e-01
2.754e-01
2.798e-01
2.909e-01
2.821e-01
2.795e-01
2.781e-01
2.784e-01
2.775e-01
2.883e-01
2.792e-01
2.838e-01
2.744e-01
2.747e-01
2.764e-01
2.753e-01
2.785e-01
2.764e-01
2.777e-01
2.817e-01
2.818e-01
2.778e-01
2.773e-01
2.778e-01
2.767e-01
2.777e-01
2.788e-01
2.787e-01
2.761e-01
2.829e-01
2.844e-01
2.777e-01
2.773e-01
2.796e-01
2.739e-01
2.769e-01
2.787e-01
2.821e-01
2.824e-01
2.781e-01
2.762e-01
2.818e-01
2.795e-01
2.797e-01
2.788e-01
2.759e-01
2.784e-01
2.795e-01
2.757e-01
2.773e-01
2.799e-01
2.809e-01
2.817e-01
2.772e-01
2.749e-01
2.781e-01
2.801e-01
2.806e-01
2.793e-01
2.807e-01
2.773e-01
2.762e-01
2.773e-01
2.759e-01
2.794e-01
2.793e-01
2.816e-01
2.812e-01
2.796e-01
2.819e-01
2.768e-01
2.802e-01
2.809e-01
2.814e-01
2.826e-01
2.777e-01
2.801e-01
2.769e-01
2.792e-01
2.771e-01
2.848e-01
2.801e-01
2.858e-01
2.788e-01
2.783e-01
2.768e-01
2.772e-01
2.777e-01
2.795e-01
2.799e-01
2.869e-01
2.823e-01
2.743e-01
2.788e-01
2.804e-01
2.899e-01
2.771e-01
2.822e-01
2.781e-01
2.793e-01
2.776e-01
2.768e-01
2.774e-01
2.790e-01
2.779e-01
2.801e-01
2.816e-01
2.795e-01
2.910e-01
2.769e-01
2.753e-01
2.820e-01
2.780e-01
2.787e-01
2.800e-01
2.761e-01
2.791e-01
2.809e-01
2.786e-01
2.859e-01
2.820e-01
2.885e-01
2.808e-01
2.799e-01
2.771e-01
2.781e-01
2.807e-01
2.811e-01
2.840e-01
2.832e-01
2.810e-01
2.770e-01
2.789e-01
2.759e-01
2.827e-01
2.777e-01
2.860e-01
2.793e-01
2.802e-01
2.783e-01
2.792e-01
2.792e-01
2.769e-01
2.766e-01
2.777e-01
2.791e-01
2.810e-01
2.814e-01
2.820e-01
2.777e-01
2.775e-01
2.810e-01
2.816e-01
2.755e-01
2.800e-01
2.789e-01
2.784e-01
2.808e-01
2.771e-01
2.843e-01
2.786e-01
2.814e-01
2.804e-01
2.821e-01
2.809e-01
2.785e-01
2.788e-01
2.770e-01
2.779e-01
2.795e-01
2.814e-01
2.800e-01
2.799e-01
2.807e-01
2.816e-01
2.815e-01
2.804e-01
2.791e-01
2.815e-01
2.817e-01
2.806e-01
2.783e-01
2.778e-01
2.774e-01
2.838e-01
2.767e-01
2.770e-01
2.827e-01
2.803e-01
2.790e-01
2.789e-01
2.791e-01
2.762e-01
2.769e-01
2.786e-01
2.820e-01
2.882e-01
2.853e-01
2.787e-01
2.749e-01
2.773e-01
2.803e-01
2.809e-01
2.825e-01
2.787e-01
2.798e-01
2.827e-01
2.845e-01
2.765e-01
2.778e-01
2.768e-01
2.778e-01
2.798e-01
2.839e-01
2.798e-01
2.814e-01
2.825e-01
2.993e-01
2.834e-01
2.785e-01
2.755e-01
2.779e-01
2.824e-01
2.827e-01
2.805e-01
2.770e-01
2.874e-01
2.815e-01
2.806e-01
2.774e-01
2.783e-01
2.821e-01
2.816e-01
2.797e-01
2.776e-01
2.789e-01
2.784e-01
2.770e-01
2.742e-01
2.896e-01
2.817e-01
2.840e-01
2.795e-01
2.819e-01
2.778e-01
2.831e-01
2.783e-01
2.817e-01
2.800e-01
2.768e-01
2.791e-01
2.789e-01
2.900e-01
2.810e-01
2.792e-01
2.808e-01
2.808e-01
2.792e-01
2.791e-01
2.732e-01
2.824e-01
2.845e-01
2.765e-01
2.833e-01
2.773e-01
2.897e-01
2.777e-01
2.800e-01
2.767e-01
2.782e-01
2.837e-01
2.794e-01
2.847e-01
2.819e-01
2.788e-01
2.768e-01
2.798e-01
2.825e-01
2.941e-01
2.791e-01
2.818e-01
2.910e-01
2.930e-01
2.754e-01
2.785e-01
2.779e-01
2.777e-01
2.800e-01
2.773e-01
2.768e-01
2.786e-01
2.825e-01
2.788e-01
2.805e-01
2.779e-01
2.784e-01
2.800e-01
2.807e-01
2.797e-01
2.769e-01
2.821e-01
2.820e-01
2.800e-01
2.774e-01
2.829e-01
2.796e-01
2.746e-01
2.836e-01
2.786e-01
2.845e-01
2.780e-01
2.801e-01
2.792e-01
2.797e-01
2.767e-01
2.773e-01
2.770e-01
2.853e-01
2.764e-01
2.769e-01
2.796e-01
2.766e-01
2.790e-01
2.767e-01
2.819e-01
2.797e-01
2.824e-01
2.769e-01
2.793e-01
2.766e-01
2.769e-01
2.798e-01
2.773e-01
2.803e-01
2.804e-01
2.794e-01
2.787e-01
2.759e-01
2.801e-01
2.783e-01
2.760e-01
2.780e-01
2.777e-01
2.762e-01
2.809e-01
2.796e-01
2.785e-01
2.817e-01
2.795e-01
2.751e-01
2.745e-01
2.790e-01
2.830e-01
2.832e-01
2.800e-01
2.787e-01
2.797e-01
2.827e-01
2.771e-01
2.817e-01
2.789e-01
2.767e-01
2.767e-01
2.760e-01
2.820e-01
2.800e-01
2.854e-01
2.826e-01
2.796e-01
2.773e-01
2.847e-01
2.811e-01
2.794e-01
2.765e-01
2.847e-01
2.769e-01
2.767e-01
2.796e-01
2.785e-01
2.775e-01
2.773e-01
2.821e-01
2.805e-01
2.906e-01
2.849e-01
2.810e-01
2.776e-01
2.780e-01
2.796e-01
2.805e-01
2.818e-01
2.782e-01
2.795e-01
2.863e-01
2.827e-01
2.822e-01
2.909e-01
2.816e-01
2.832e-01
2.777e-01
2.800e-01
2.812e-01
2.784e-01
2.778e-01
2.759e-01
2.826e-01
2.764e-01
2.792e-01
2.816e-01
2.903e-01
2.755e-01
2.797e-01
2.795e-01
2.804e-01
2.764e-01
2.782e-01
2.796e-01
2.805e-01
2.763e-01
2.808e-01
2.805e-01
2.801e-01
2.887e-01
2.781e-01
2.813e-01
2.770e-01
2.801e-01
2.782e-01
2.822e-01
2.816e-01
2.788e-01
2.790e-01
2.804e-01
2.782e-01
2.757e-01
2.806e-01
2.815e-01
2.778e-01
2.824e-01
2.789e-01
2.752e-01
2.793e-01
2.767e-01
2.793e-01
2.788e-01
2.794e-01
2.787e-01
2.787e-01
2.800e-01
2.808e-01
2.783e-01
2.793e-01
2.794e-01
2.759e-01
2.741e-01
2.771e-01
2.846e-01
2.785e-01
2.824e-01
2.783e-01
2.795e-01
2.768e-01
2.765e-01
2.788e-01
2.764e-01
2.776e-01
2.814e-01
2.837e-01
2.765e-01
2.765e-01
2.756e-01
2.770e-01
2.788e-01
2.789e-01
2.881e-01
2.789e-01
2.790e-01
2.753e-01
2.825e-01
2.813e-01
2.819e-01
2.792e-01
2.817e-01
2.761e-01
2.757e-01
2.812e-01
2.753e-01
2.776e-01
2.754e-01
2.770e-01
2.745e-01
2.778e-01
2.806e-01
2.752e-01
2.794e-01
2.810e-01
2.827e-01
2.762e-01
2.780e-01
2.772e-01
2.801e-01
2.823e-01
2.811e-01
2.734e-01
2.796e-01
2.751e-01
2.792e-01
2.784e-01
2.812e-01
2.779e-01
2.769e-01
2.808e-01
2.757e-01
2.768e-01
2.856e-01
2.804e-01
2.774e-01
2.773e-01
2.816e-01
2.782e-01
2.812e-01
2.813e-01
2.828e-01
2.806e-01
2.803e-01
2.765e-01
2.810e-01
2.883e-01
2.855e-01
2.792e-01
2.839e-01
2.769e-01
2.776e-01
2.817e-01
2.770e-01
2.811e-01
2.802e-01
2.786e-01
2.799e-01
2.785e-01
2.893e-01
2.786e-01
2.788e-01
2.770e-01
2.795e-01
2.792e-01
2.799e-01
2.815e-01
2.770e-01
2.813e-01
2.793e-01
2.799e-01
2.802e-01
2.859e-01
2.783e-01
2.807e-01
2.828e-01
2.786e-01
2.753e-01
2.778e-01
2.800e-01
2.788e-01
2.795e-01
2.835e-01
2.817e-01
2.777e-01
2.778e-01
2.751e-01
2.779e-01
2.815e-01
2.758e-01
2.806e-01
2.804e-01
2.771e-01
2.807e-01
2.852e-01
2.734e-01
2.822e-01
2.799e-01
2.788e-01
2.769e-01
2.765e-01
2.830e-01
2.798e-01
2.761e-01
2.776e-01
2.812e-01
2.804e-01
2.837e-01
2.764e-01
2.783e-01
2.815e-01
2.775e-01
2.820e-01
2.782e-01
2.823e-01
2.782e-01
2.804e-01
2.803e-01
2.814e-01
2.768e-01
2.863e-01
2.784e-01
2.756e-01
2.787e-01
2.754e-01
2.825e-01
2.783e-01
2.776e-01
2.762e-01
2.770e-01
2.805e-01
2.774e-01
2.786e-01
2.795e-01
2.816e-01
2.748e-01
2.777e-01
2.838e-01
2.812e-01
2.797e-01
2.838e-01
2.802e-01
2.772e-01
2.786e-01
2.782e-01
2.816e-01
2.785e-01
2.816e-01
2.780e-01
2.810e-01
2.787e-01
2.861e-01
2.827e-01
2.753e-01
2.809e-01
2.807e-01
2.797e-01
2.784e-01
2.764e-01
2.799e-01
2.793e-01
2.816e-01
2.761e-01
2.760e-01
2.893e-01
2.788e-01
2.788e-01
2.762e-01
2.778e-01
2.835e-01
2.847e-01
2.820e-01
2.792e-01
2.787e-01
2.789e-01
2.803e-01
2.744e-01
2.892e-01
2.820e-01
2.800e-01
2.820e-01
2.816e-01
2.797e-01
2.808e-01
2.786e-01
2.766e-01
2.761e-01
2.829e-01
2.845e-01
2.757e-01
2.898e-01
2.791e-01
2.749e-01
2.847e-01
2.830e-01
2.780e-01
2.816e-01
2.811e-01
2.763e-01
2.823e-01
2.782e-01
2.824e-01
2.812e-01
2.895e-01
2.752e-01
2.779e-01
2.814e-01
2.797e-01
2.840e-01
2.813e-01
2.800e-01
2.818e-01
2.808e-01
2.887e-01
2.791e-01
2.821e-01
2.780e-01
2.780e-01
2.774e-01
2.796e-01
2.888e-01
2.775e-01
2.798e-01
2.841e-01
2.833e-01
2.804e-01
2.781e-01
2.769e-01
2.790e-01
2.801e-01
2.776e-01
2.782e-01
2.828e-01
2.780e-01
2.810e-01
2.780e-01
2.801e-01
2.790e-01
2.808e-01
2.808e-01
2.798e-01
2.763e-01
2.785e-01
2.814e-01
2.796e-01
2.842e-01
2.796e-01
2.786e-01
2.846e-01
2.760e-01
2.836e-01
2.787e-01
2.801e-01
2.824e-01
2.872e-01
2.802e-01
2.834e-01
2.819e-01
2.819e-01
2.791e-01
2.802e-01
2.791e-01
2.770e-01
2.777e-01
2.770e-01
2.847e-01
2.799e-01
2.814e-01
2.754e-01
2.851e-01
2.815e-01
2.767e-01
2.770e-01
2.812e-01
2.803e-01
2.790e-01
2.806e-01
2.768e-01
2.797e-01
2.775e-01
2.793e-01
2.761e-01
2.806e-01
2.811e-01
2.791e-01
2.757e-01
2.794e-01
2.770e-01
2.774e-01
2.769e-01
2.772e-01
2.803e-01
2.787e-01
2.773e-01
2.759e-01
2.785e-01
2.854e-01
2.826e-01
2.826e-01
2.790e-01
2.787e-01
2.800e-01
2.786e-01
2.782e-01
2.833e-01
2.809e-01
2.818e-01
2.766e-01
2.818e-01
2.784e-01
2.782e-01
2.773e-01
2.808e-01
2.787e-01
2.831e-01
2.787e-01
2.805e-01
2.776e-01
2.787e-01
2.783e-01
2.828e-01
2.902e-01
2.777e-01
2.824e-01
2.794e-01
2.805e-01
2.754e-01
2.746e-01
2.783e-01
2.807e-01
2.767e-01
2.799e-01
2.759e-01
2.814e-01
2.892e-01
2.775e-01
2.800e-01
2.829e-01
2.834e-01
2.813e-01
2.807e-01
2.790e-01
2.815e-01
2.821e-01
2.820e-01
2.774e-01
2.790e-01
2.919e-01
2.799e-01
2.776e-01
2.788e-01
2.750e-01
2.782e-01
2.828e-01
2.761e-01
2.787e-01
2.792e-01
2.802e-01
2.770e-01
2.772e-01
2.904e-01
2.819e-01
2.831e-01
2.811e-01
2.788e-01
2.772e-01
2.810e-01
2.800e-01
2.807e-01
2.785e-01
2.818e-01
2.778e-01
2.799e-01
2.811e-01
2.789e-01
2.782e-01
2.771e-01
2.759e-01
2.819e-01
2.787e-01
2.834e-01
2.790e-01
2.787e-01
2.802e-01
2.783e-01
2.797e-01
2.793e-01
2.763e-01
2.830e-01
2.745e-01
2.771e-01
2.793e-01
2.769e-01
2.822e-01
2.765e-01
2.805e-01
2.760e-01
2.767e-01
2.785e-01
2.772e-01
2.780e-01
2.784e-01
2.751e-01
2.797e-01
2.775e-01
2.825e-01
2.812e-01
2.811e-01
2.860e-01
2.774e-01
2.767e-01
2.787e-01
2.790e-01
2.788e-01
2.783e-01
2.794e-01
2.802e-01
2.793e-01
2.818e-01
2.772e-01
2.788e-01
2.788e-01
2.812e-01
2.776e-01
2.814e-01
2.820e-01
2.813e-01
2.796e-01
2.761e-01
2.810e-01
2.769e-01
2.806e-01
2.823e-01
2.765e-01
2.802e-01
2.780e-01
2.832e-01
2.795e-01
2.779e-01
2.830e-01
2.786e-01
2.779e-01
2.792e-01
2.806e-01
2.783e-01
2.757e-01
2.771e-01
2.824e-01
2.837e-01
2.750e-01
2.771e-01
2.777e-01
2.868e-01
2.810e-01
2.756e-01
2.761e-01
2.838e-01
2.796e-01
2.812e-01
2.790e-01
2.785e-01
2.775e-01
2.800e-01
2.770e-01
2.825e-01
2.895e-01
2.816e-01
2.754e-01
2.789e-01
2.758e-01
2.764e-01
2.770e-01
2.798e-01
2.781e-01
2.821e-01
2.770e-01
2.816e-01
2.801e-01
2.928e-01
2.794e-01
2.795e-01
2.799e-01
2.811e-01
2.786e-01
2.798e-01
2.758e-01
2.771e-01
2.779e-01
2.782e-01
2.778e-01
2.809e-01
2.876e-01
2.756e-01
2.807e-01
2.746e-01
2.789e-01
2.796e-01
2.845e-01
2.803e-01
2.758e-01
2.759e-01
2.787e-01
2.781e-01
2.765e-01
2.800e-01
2.810e-01
2.779e-01
2.769e-01
2.797e-01
2.790e-01
2.819e-01
2.803e-01
2.775e-01
2.813e-01
2.816e-01
2.828e-01
2.803e-01
2.809e-01
2.783e-01
2.792e-01
2.785e-01
2.824e-01
2.802e-01
2.806e-01
2.808e-01
2.828e-01
2.854e-01
2.790e-01
2.815e-01
2.811e-01
2.784e-01
2.842e-01
2.767e-01
2.766e-01
2.797e-01
2.780e-01
2.795e-01
2.762e-01
2.794e-01
2.801e-01
2.817e-01
2.749e-01
2.819e-01
2.797e-01
2.799e-01
2.792e-01
2.800e-01
2.747e-01
2.771e-01
2.772e-01
2.778e-01
2.835e-01
2.797e-01
2.799e-01
2.779e-01
2.802e-01
2.789e-01
2.813e-01
2.795e-01
2.761e-01
2.790e-01
2.782e-01
2.783e-01
2.765e-01
2.780e-01
2.780e-01
2.781e-01
2.797e-01
2.770e-01
2.770e-01
2.819e-01
2.817e-01
2.830e-01
2.747e-01
2.781e-01
2.802e-01
2.764e-01
2.796e-01
2.785e-01
2.794e-01
2.756e-01
2.755e-01
2.809e-01
2.861e-01
2.767e-01
2.780e-01
2.757e-01
2.757e-01
2.807e-01
2.782e-01
2.761e-01
2.764e-01
2.767e-01
2.810e-01
2.793e-01
2.777e-01
2.921e-01
2.808e-01
2.784e-01
2.768e-01
2.787e-01
2.858e-01
2.775e-01
2.812e-01
2.843e-01
2.800e-01
2.810e-01
2.793e-01
2.780e-01
2.889e-01
2.828e-01
2.775e-01
2.761e-01
2.820e-01
2.782e-01
2.800e-01
2.775e-01
2.837e-01
2.809e-01
2.774e-01
2.785e-01
2.788e-01
2.752e-01
2.802e-01
2.782e-01
2.796e-01
2.809e-01
2.746e-01
2.786e-01
2.827e-01
2.777e-01
2.793e-01
2.804e-01
2.760e-01
2.775e-01
2.777e-01
2.829e-01
2.793e-01
2.775e-01
2.784e-01
2.836e-01
2.795e-01
2.793e-01
2.774e-01
2.775e-01
2.779e-01
2.866e-01
2.850e-01
2.840e-01
2.777e-01
2.737e-01
2.811e-01
2.820e-01
2.795e-01
2.781e-01
2.788e-01
2.772e-01
2.779e-01
2.814e-01
2.787e-01
2.771e-01
2.781e-01
2.774e-01
2.813e-01
2.799e-01
2.767e-01
2.810e-01
2.795e-01
2.783e-01
2.830e-01
2.748e-01
2.794e-01
2.780e-01
2.752e-01
2.781e-01
2.841e-01
2.792e-01
2.804e-01
2.755e-01
2.771e-01
2.842e-01
2.811e-01
2.794e-01
2.828e-01
2.780e-01
2.806e-01
2.791e-01
2.783e-01
2.806e-01
2.967e-01
2.793e-01
2.791e-01
2.833e-01
2.794e-01
2.841e-01
2.764e-01
2.832e-01
2.808e-01
2.801e-01
2.829e-01
2.774e-01
2.764e-01
2.796e-01
2.819e-01
2.798e-01
2.786e-01
2.790e-01
2.834e-01
2.783e-01
2.804e-01
2.741e-01
2.781e-01
2.778e-01
2.797e-01
2.852e-01
2.812e-01
2.785e-01
2.786e-01
2.795e-01
2.792e-01
2.791e-01
2.806e-01
2.773e-01
2.768e-01
2.815e-01
2.794e-01
2.793e-01
2.914e-01
2.803e-01
2.822e-01
2.789e-01
2.810e-01
2.814e-01
2.797e-01
2.777e-01
2.806e-01
2.818e-01
2.783e-01
2.799e-01
2.764e-01
2.892e-01
2.856e-01
2.846e-01
2.820e-01
2.822e-01
2.796e-01
2.828e-01
2.807e-01
2.790e-01
2.884e-01
2.831e-01
2.816e-01
2.805e-01
2.941e-01
2.804e-01
2.816e-01
2.837e-01
2.816e-01
2.772e-01
2.771e-01
2.769e-01
2.815e-01
2.836e-01
2.814e-01
2.790e-01
2.788e-01
2.881e-01
2.808e-01
2.809e-01
2.773e-01
2.763e-01
2.757e-01
2.812e-01
2.793e-01
2.788e-01
2.809e-01
2.799e-01
2.795e-01
2.771e-01
2.907e-01
2.831e-01
2.780e-01
2.828e-01
2.856e-01
2.796e-01
2.774e-01
2.762e-01
2.785e-01
2.829e-01
2.766e-01
2.781e-01
2.819e-01
2.767e-01
2.803e-01
2.780e-01
2.767e-01
2.765e-01
2.770e-01
2.753e-01
2.814e-01
2.817e-01
2.799e-01
2.792e-01
2.777e-01
2.776e-01
2.822e-01
2.782e-01
2.808e-01
2.802e-01
2.776e-01
2.811e-01
2.777e-01
2.773e-01
2.792e-01
2.808e-01
2.804e-01
2.796e-01
2.810e-01
2.789e-01
2.794e-01
2.816e-01
2.778e-01
2.775e-01
2.796e-01
2.826e-01
2.787e-01
2.794e-01
2.796e-01
2.787e-01
2.780e-01
2.807e-01
2.803e-01
2.780e-01
2.811e-01
2.812e-01
2.792e-01
2.797e-01
2.790e-01
2.785e-01
2.777e-01
2.794e-01
2.790e-01
2.787e-01
2.764e-01
2.766e-01
2.805e-01
2.767e-01
2.816e-01
2.738e-01
2.824e-01
2.785e-01
2.803e-01
2.773e-01
2.823e-01
2.786e-01
2.780e-01
2.833e-01
2.819e-01
2.762e-01
2.802e-01
2.774e-01
2.804e-01
2.788e-01
2.815e-01
2.821e-01
2.790e-01
2.775e-01
2.775e-01
2.794e-01
2.757e-01
2.762e-01
2.846e-01
2.806e-01
2.769e-01
2.811e-01
2.819e-01
2.797e-01
2.800e-01
2.777e-01
2.812e-01
2.841e-01
2.804e-01
2.774e-01
2.832e-01
2.901e-01
2.811e-01
2.788e-01
2.771e-01
2.802e-01
2.756e-01
2.790e-01
2.802e-01
2.779e-01
2.807e-01
2.829e-01
2.790e-01
2.803e-01
2.896e-01
2.787e-01
2.783e-01
2.766e-01
2.807e-01
2.796e-01
2.771e-01
2.793e-01
2.793e-01
2.781e-01
2.846e-01
2.789e-01
2.800e-01
2.947e-01
2.805e-01
2.786e-01
2.767e-01
2.806e-01
2.785e-01
2.776e-01
2.760e-01
2.823e-01
2.752e-01
2.781e-01
2.801e-01
2.760e-01
2.806e-01
2.773e-01
2.764e-01
2.792e-01
2.809e-01
2.785e-01
2.805e-01
2.761e-01
2.817e-01
2.797e-01
2.788e-01
2.815e-01
2.775e-01
2.800e-01
2.804e-01
2.771e-01
2.814e-01
2.750e-01
2.778e-01
2.791e-01
2.726e-01
2.805e-01
2.768e-01
2.787e-01
2.746e-01
2.791e-01
2.779e-01
2.794e-01
2.808e-01
2.799e-01
2.806e-01
2.797e-01
2.769e-01
2.794e-01
2.770e-01
2.800e-01
2.783e-01
2.778e-01
2.790e-01
2.777e-01
2.748e-01
2.802e-01
2.798e-01
2.824e-01
2.789e-01
2.798e-01
2.809e-01
2.906e-01
2.797e-01
2.805e-01
2.791e-01
2.780e-01
2.837e-01
2.774e-01
2.766e-01
2.755e-01
2.759e-01
2.827e-01
2.751e-01
2.776e-01
2.783e-01
2.767e-01
2.844e-01
2.769e-01
2.773e-01
2.795e-01
2.760e-01
2.785e-01
2.779e-01
2.793e-01
2.815e-01
2.770e-01
2.811e-01
2.803e-01
2.782e-01
2.762e-01
2.786e-01
2.818e-01
2.742e-01
2.875e-01
2.788e-01
2.802e-01
2.752e-01
2.781e-01
2.766e-01
2.766e-01
2.781e-01
2.787e-01
2.818e-01
2.780e-01
2.754e-01
2.776e-01
2.918e-01
2.798e-01
2.788e-01
2.786e-01
2.829e-01
2.770e-01
2.777e-01
2.764e-01
2.764e-01
2.808e-01
2.756e-01
2.823e-01
2.797e-01
2.905e-01
2.737e-01
2.826e-01
2.776e-01
2.792e-01
2.812e-01
2.784e-01
2.765e-01
2.777e-01
2.800e-01
2.792e-01
2.770e-01
2.793e-01
2.781e-01
2.806e-01
2.810e-01
2.749e-01
2.810e-01
2.796e-01
2.818e-01
2.797e-01
2.774e-01
2.868e-01
2.783e-01
2.819e-01
2.765e-01
2.909e-01
2.818e-01
2.774e-01
2.798e-01
2.777e-01
2.778e-01
2.760e-01
2.813e-01
2.812e-01
2.757e-01
2.759e-01
2.766e-01
2.773e-01
2.948e-01
2.767e-01
2.826e-01
2.789e-01
2.769e-01
2.800e-01
2.819e-01
2.782e-01
2.766e-01
2.797e-01
2.847e-01
2.836e-01
2.755e-01
2.921e-01
2.778e-01
2.800e-01
2.797e-01
2.780e-01
2.863e-01
2.831e-01
2.773e-01
2.795e-01
2.820e-01
2.762e-01
2.823e-01
2.790e-01
2.830e-01
2.781e-01
2.769e-01
2.783e-01
2.782e-01
2.756e-01
2.790e-01
2.809e-01
2.784e-01
2.766e-01
2.781e-01
2.782e-01
2.781e-01
2.784e-01
2.783e-01
2.771e-01
2.806e-01
2.821e-01
2.794e-01
2.805e-01
2.762e-01
2.804e-01
2.806e-01
2.791e-01
2.829e-01
2.793e-01
2.768e-01
2.809e-01
2.766e-01
2.837e-01
2.817e-01
2.857e-01
2.791e-01
2.811e-01
2.782e-01
2.787e-01
2.819e-01
2.776e-01
2.780e-01
2.802e-01
2.742e-01
2.799e-01
2.772e-01
2.808e-01
2.789e-01
2.798e-01
2.806e-01
2.833e-01
2.789e-01
2.783e-01
2.801e-01
2.766e-01
2.792e-01
2.794e-01
2.777e-01
2.816e-01
2.770e-01
2.783e-01
2.806e-01
2.788e-01
2.814e-01
2.819e-01
2.799e-01
2.800e-01
2.791e-01
2.835e-01
2.795e-01
2.755e-01
2.773e-01
2.778e-01
2.804e-01
2.785e-01
2.779e-01
2.885e-01
2.828e-01
2.794e-01
2.806e-01
2.764e-01
2.839e-01
2.836e-01
2.759e-01
2.828e-01
2.821e-01
2.798e-01
2.780e-01
2.827e-01
2.788e-01
2.754e-01
2.780e-01
2.815e-01
2.826e-01
2.793e-01
2.836e-01
2.790e-01
2.786e-01
2.867e-01
2.792e-01
2.797e-01
2.769e-01
2.762e-01
2.790e-01
2.793e-01
2.804e-01
2.809e-01
2.783e-01
2.890e-01
2.777e-01
2.793e-01
2.795e-01
2.793e-01
2.832e-01
2.785e-01
2.769e-01
2.778e-01
2.776e-01
2.767e-01
2.762e-01
2.796e-01
2.928e-01
2.811e-01
2.820e-01
2.785e-01
2.767e-01
2.730e-01
2.853e-01
2.810e-01
2.773e-01
2.779e-01
2.838e-01
2.762e-01
2.817e-01
2.871e-01
2.803e-01
2.786e-01
2.796e-01
2.804e-01
2.797e-01
2.806e-01
2.817e-01
2.824e-01
2.753e-01
2.782e-01
2.763e-01
2.796e-01
2.788e-01
2.790e-01
2.823e-01
2.837e-01
2.795e-01
2.811e-01
2.796e-01
2.801e-01
2.778e-01
2.770e-01
2.778e-01
2.864e-01
2.777e-01
2.830e-01
2.792e-01
2.782e-01
2.799e-01
2.847e-01
2.752e-01
2.807e-01
2.789e-01
2.836e-01
2.779e-01
2.767e-01
2.756e-01
2.779e-01
2.777e-01
2.787e-01
2.795e-01
2.801e-01
2.764e-01
2.764e-01
2.832e-01
2.780e-01
2.782e-01
2.829e-01
2.773e-01
2.786e-01
2.782e-01
2.773e-01
2.759e-01
2.843e-01
2.802e-01
2.791e-01
2.791e-01
2.798e-01
2.789e-01
2.788e-01
2.764e-01
2.865e-01
2.799e-01
2.791e-01
2.779e-01
2.740e-01
2.844e-01
2.773e-01
2.825e-01
2.797e-01
2.756e-01
2.777e-01
2.823e-01
2.796e-01
2.807e-01
2.765e-01
2.811e-01
2.768e-01
2.759e-01
2.759e-01
2.780e-01
2.819e-01
2.806e-01
2.786e-01
2.769e-01
2.767e-01
2.795e-01
2.813e-01
2.778e-01
2.773e-01
2.801e-01
2.876e-01
2.785e-01
2.804e-01
2.785e-01
2.780e-01
2.784e-01
2.793e-01
2.790e-01
2.770e-01
2.792e-01
2.765e-01
2.789e-01
2.808e-01
2.887e-01
2.769e-01
2.776e-01
2.765e-01
2.858e-01
2.809e-01
2.793e-01
2.800e-01
2.795e-01
2.775e-01
2.784e-01
2.754e-01
2.801e-01
2.929e-01
2.810e-01
2.773e-01
2.808e-01
2.759e-01
2.806e-01
2.766e-01
2.798e-01
2.809e-01
2.805e-01
2.840e-01
2.807e-01
2.766e-01
2.906e-01
2.812e-01
2.806e-01
2.778e-01
2.811e-01
2.780e-01
2.780e-01
2.753e-01
2.794e-01
2.791e-01
2.756e-01
2.790e-01
2.811e-01
2.794e-01
2.748e-01
2.777e-01
2.815e-01
2.787e-01
2.773e-01
2.834e-01
2.808e-01
2.819e-01
2.782e-01
2.779e-01
2.808e-01
2.807e-01
2.774e-01
2.802e-01
2.771e-01
2.766e-01
2.754e-01
2.804e-01
2.799e-01
2.749e-01
2.755e-01
2.788e-01
2.803e-01
2.783e-01
2.760e-01
2.771e-01
2.788e-01
2.789e-01
2.795e-01
2.797e-01
2.777e-01
2.784e-01
2.768e-01
2.804e-01
2.830e-01
2.750e-01
2.790e-01
2.792e-01
2.787e-01
2.785e-01
2.768e-01
2.780e-01
2.808e-01
2.778e-01
2.779e-01
2.801e-01
2.811e-01
2.759e-01
2.832e-01
2.806e-01
2.790e-01
2.764e-01
2.839e-01
2.789e-01
2.803e-01
2.798e-01
2.868e-01
2.807e-01
2.771e-01
2.762e-01
2.808e-01
2.800e-01
2.770e-01
2.767e-01
2.788e-01
2.914e-01
2.800e-01
2.784e-01
2.793e-01
2.788e-01
2.791e-01
2.810e-01
2.798e-01
2.792e-01
2.783e-01
2.750e-01
2.817e-01
2.836e-01
2.878e-01
2.818e-01
2.762e-01
2.727e-01
2.789e-01
2.814e-01
2.831e-01
2.776e-01
2.783e-01
2.783e-01
2.806e-01
2.794e-01
2.836e-01
2.874e-01
2.798e-01
2.828e-01
2.796e-01
2.777e-01
2.785e-01
2.797e-01
2.820e-01
2.790e-01
2.794e-01
2.769e-01
2.803e-01
2.797e-01
2.931e-01
2.769e-01
2.816e-01
2.798e-01
2.770e-01
2.823e-01
2.810e-01
2.802e-01
2.772e-01
2.751e-01
2.813e-01
2.792e-01
2.779e-01
2.799e-01
2.779e-01
2.795e-01
2.803e-01
2.783e-01
2.816e-01
2.791e-01
2.738e-01
2.816e-01
2.846e-01
2.758e-01
2.787e-01
2.805e-01
2.819e-01
2.794e-01
2.794e-01
2.789e-01
2.771e-01
2.813e-01
2.799e-01
2.820e-01
2.786e-01
2.784e-01
2.758e-01
2.781e-01
2.768e-01
2.795e-01
2.807e-01
2.820e-01
2.772e-01
2.792e-01
2.780e-01
2.807e-01
2.759e-01
2.820e-01
2.806e-01
2.777e-01
2.815e-01
2.793e-01
2.790e-01
2.816e-01
2.775e-01
2.785e-01
2.766e-01
2.789e-01
2.774e-01
2.814e-01
2.823e-01
2.826e-01
2.822e-01
2.775e-01
2.819e-01
2.784e-01
2.841e-01
2.822e-01
2.767e-01
2.812e-01
2.807e-01
2.810e-01
2.794e-01
2.786e-01
2.772e-01
2.819e-01
2.771e-01
2.791e-01
2.782e-01
2.764e-01
2.813e-01
2.790e-01
2.772e-01
2.791e-01
2.786e-01
2.748e-01
2.806e-01
2.753e-01
2.745e-01
2.791e-01
2.779e-01
2.779e-01
2.839e-01
2.808e-01
2.770e-01
2.798e-01
2.770e-01
2.794e-01
2.812e-01
2.810e-01
2.775e-01
2.754e-01
2.776e-01
2.788e-01
2.822e-01
2.883e-01
2.788e-01
2.788e-01
2.772e-01
2.775e-01
2.812e-01
2.764e-01
2.768e-01
2.786e-01
2.785e-01
2.809e-01
2.824e-01
2.804e-01
2.884e-01
2.764e-01
2.790e-01
2.786e-01
2.796e-01
2.772e-01
2.811e-01
2.837e-01
2.829e-01
2.775e-01
2.754e-01
2.795e-01
2.836e-01
2.952e-01
2.859e-01
2.798e-01
2.777e-01
2.832e-01
2.807e-01
2.794e-01
2.785e-01
2.783e-01
2.787e-01
2.746e-01
2.810e-01
2.770e-01
2.767e-01
2.779e-01
2.796e-01
2.785e-01
2.780e-01
2.770e-01
2.810e-01
2.810e-01
2.837e-01
2.772e-01
2.821e-01
2.796e-01
2.815e-01
2.765e-01
2.756e-01
2.775e-01
2.815e-01
2.807e-01
2.810e-01
2.764e-01
2.808e-01
2.776e-01
2.806e-01
2.798e-01
2.780e-01
2.880e-01
3.112e-01
2.775e-01
2.782e-01
2.795e-01
2.789e-01
2.824e-01
2.792e-01
2.842e-01
2.806e-01
2.814e-01
2.770e-01
2.772e-01
2.781e-01
2.814e-01
2.807e-01
2.757e-01
2.818e-01
2.773e-01
2.799e-01
2.798e-01
2.806e-01
2.781e-01
2.824e-01
2.796e-01
2.771e-01
2.799e-01
2.813e-01
2.785e-01
2.803e-01
2.789e-01
2.798e-01
2.823e-01
2.768e-01
2.813e-01
2.810e-01
2.815e-01
2.798e-01
2.797e-01
2.794e-01
2.798e-01
2.803e-01
2.775e-01
2.758e-01
2.790e-01
2.806e-01
2.826e-01
2.806e-01
2.794e-01
2.782e-01
2.804e-01
2.882e-01
2.809e-01
2.783e-01
2.819e-01
2.808e-01
2.824e-01
2.773e-01
2.790e-01
2.804e-01
2.773e-01
2.780e-01
2.788e-01
2.806e-01
2.818e-01
2.786e-01
2.835e-01
2.824e-01
2.826e-01
2.792e-01
2.820e-01
2.790e-01
2.798e-01
2.767e-01
2.829e-01
2.856e-01
2.794e-01
2.811e-01
2.855e-01
2.795e-01
2.880e-01
2.779e-01
2.852e-01
2.815e-01
2.790e-01
2.809e-01
2.832e-01
2.778e-01
2.793e-01
2.788e-01
2.782e-01
2.798e-01
2.779e-01
2.915e-01
2.820e-01
2.790e-01
2.806e-01
2.821e-01
2.776e-01
2.755e-01
2.809e-01
2.794e-01
2.763e-01
2.766e-01
2.777e-01
2.778e-01
2.890e-01
2.787e-01
2.799e-01
2.775e-01
2.809e-01
2.788e-01
2.809e-01
2.790e-01
2.819e-01
2.798e-01
2.783e-01
2.806e-01
2.779e-01
2.907e-01
2.782e-01
2.783e-01
2.819e-01
2.773e-01
2.759e-01
2.812e-01
2.811e-01
2.782e-01
2.809e-01
2.798e-01
2.774e-01
2.775e-01
2.816e-01
2.792e-01
2.841e-01
2.792e-01
2.780e-01
2.744e-01
2.777e-01
2.767e-01
2.776e-01
2.783e-01
2.794e-01
2.768e-01
2.787e-01
2.793e-01
2.854e-01
2.786e-01
2.784e-01
2.767e-01
2.783e-01
2.760e-01
2.749e-01
2.799e-01
2.801e-01
2.796e-01
2.783e-01
2.824e-01
2.819e-01
2.759e-01
2.795e-01
2.762e-01
2.794e-01
2.842e-01
2.763e-01
2.800e-01
2.832e-01
2.801e-01
2.763e-01
2.757e-01
2.789e-01
2.776e-01
2.785e-01
2.796e-01
2.792e-01
2.791e-01
2.794e-01
2.844e-01
2.788e-01
2.769e-01
2.741e-01
2.782e-01
2.816e-01
2.786e-01
2.783e-01
2.875e-01
2.775e-01
2.773e-01
2.776e-01
2.788e-01
2.783e-01
2.815e-01
2.795e-01
2.792e-01
2.813e-01
2.800e-01
2.782e-01
2.806e-01
2.840e-01
2.770e-01
2.788e-01
2.814e-01
2.799e-01
2.787e-01
2.801e-01
2.837e-01
2.793e-01
2.763e-01
2.820e-01
2.822e-01
2.767e-01
2.871e-01
2.785e-01
2.778e-01
2.760e-01
2.783e-01
2.782e-01
2.798e-01
2.781e-01
2.757e-01
2.808e-01
2.834e-01
2.745e-01
2.737e-01
2.877e-01
2.787e-01
2.815e-01
2.770e-01
2.780e-01
2.750e-01
2.804e-01
2.864e-01
2.811e-01
2.830e-01
2.752e-01
2.772e-01
2.831e-01
2.920e-01
2.807e-01
2.814e-01
2.791e-01
2.769e-01
2.757e-01
2.841e-01
2.806e-01
2.828e-01
2.806e-01
2.817e-01
2.804e-01
2.777e-01
2.873e-01
2.786e-01
2.778e-01
2.799e-01
2.807e-01
2.752e-01
2.811e-01
2.825e-01
2.826e-01
2.838e-01
2.868e-01
2.774e-01
2.842e-01
2.831e-01
2.796e-01
2.747e-01
2.805e-01
2.794e-01
2.809e-01
2.781e-01
2.774e-01
2.780e-01
2.799e-01
2.798e-01
2.792e-01
2.762e-01
2.780e-01
2.807e-01
2.813e-01
2.779e-01
2.786e-01
2.804e-01
2.781e-01
2.765e-01
2.803e-01
2.824e-01
2.785e-01
2.754e-01
2.775e-01
2.775e-01
2.789e-01
2.848e-01
2.813e-01
2.858e-01
2.837e-01
2.790e-01
2.836e-01
2.766e-01
2.774e-01
2.796e-01
2.749e-01
2.810e-01
2.803e-01
2.773e-01
2.901e-01
2.831e-01
2.814e-01
2.793e-01
2.789e-01
2.774e-01
2.834e-01
2.820e-01
2.834e-01
2.789e-01
2.771e-01
2.788e-01
2.767e-01
2.891e-01
2.762e-01
2.778e-01
2.834e-01
2.800e-01
2.823e-01
2.806e-01
2.735e-01
2.824e-01
2.767e-01
2.794e-01
2.822e-01
2.755e-01
2.885e-01
2.795e-01
2.812e-01
2.769e-01
2.814e-01
2.780e-01
2.806e-01
2.798e-01
2.827e-01
2.767e-01
2.786e-01
2.859e-01
2.785e-01
2.898e-01
2.832e-01
2.819e-01
2.776e-01
2.775e-01
2.813e-01
2.775e-01
2.810e-01
2.807e-01
2.757e-01
2.774e-01
2.755e-01
2.786e-01
2.808e-01
2.808e-01
2.828e-01
2.786e-01
2.781e-01
2.769e-01
2.770e-01
2.792e-01
2.752e-01
2.789e-01
2.779e-01
2.837e-01
2.757e-01
2.801e-01
2.818e-01
2.786e-01
2.833e-01
2.802e-01
2.784e-01
2.776e-01
2.788e-01
2.792e-01
2.773e-01
2.784e-01
2.782e-01
2.830e-01
2.808e-01
2.783e-01
2.822e-01
2.817e-01
2.767e-01
2.766e-01
2.809e-01
2.820e-01
2.760e-01
2.756e-01
2.814e-01
2.790e-01
2.766e-01
2.825e-01
2.811e-01
2.795e-01
2.775e-01
2.786e-01
2.773e-01
2.788e-01
2.810e-01
2.772e-01
2.806e-01
2.777e-01
2.786e-01
2.798e-01
2.801e-01
2.767e-01
2.794e-01
2.762e-01
2.767e-01
2.839e-01
2.863e-01
2.839e-01
2.786e-01
2.775e-01
2.798e-01
2.792e-01
2.836e-01
2.807e-01
2.783e-01
2.812e-01
2.795e-01
2.753e-01
2.790e-01
2.755e-01
2.840e-01
2.826e-01
2.752e-01
2.812e-01
2.786e-01
2.805e-01
2.821e-01
2.876e-01
2.864e-01
2.783e-01
2.785e-01
2.853e-01
2.791e-01
2.836e-01
2.788e-01
2.803e-01
2.787e-01
2.768e-01
2.813e-01
2.779e-01
2.916e-01
2.762e-01
2.770e-01
2.828e-01
2.791e-01
2.830e-01
2.803e-01
2.755e-01
2.795e-01
2.824e-01
2.786e-01
2.797e-01
2.757e-01
2.900e-01
2.788e-01
2.762e-01
2.793e-01
2.758e-01
2.795e-01
2.796e-01
2.773e-01
2.794e-01
2.757e-01
2.754e-01
2.793e-01
2.779e-01
2.923e-01
2.798e-01
2.750e-01
2.821e-01
2.890e-01
2.754e-01
2.747e-01
2.828e-01
2.781e-01
2.755e-01
2.776e-01
2.790e-01
2.786e-01
2.782e-01
2.771e-01
2.762e-01
2.791e-01
2.777e-01
2.753e-01
2.780e-01
2.742e-01
2.723e-01
2.801e-01
2.783e-01
2.766e-01
2.771e-01
2.781e-01
2.781e-01
2.773e-01
2.761e-01
2.786e-01
2.774e-01
2.780e-01
2.803e-01
2.784e-01
2.765e-01
2.759e-01
2.824e-01
2.790e-01
2.769e-01
2.827e-01
2.816e-01
2.795e-01
2.814e-01
2.764e-01
2.784e-01
2.792e-01
2.765e-01
2.796e-01
2.796e-01
2.800e-01
2.770e-01
2.774e-01
2.850e-01
2.814e-01
2.769e-01
2.779e-01
2.790e-01
2.820e-01
2.812e-01
2.818e-01
2.794e-01
2.829e-01
2.783e-01
2.811e-01
2.793e-01
2.795e-01
2.805e-01
2.845e-01
2.839e-01
2.780e-01
2.781e-01
2.770e-01
2.806e-01
2.835e-01
2.809e-01
2.846e-01
2.776e-01
2.805e-01
2.879e-01
2.791e-01
2.766e-01
2.795e-01
2.792e-01
2.823e-01
2.768e-01
2.780e-01
2.841e-01
2.783e-01
2.786e-01
2.786e-01
2.787e-01
2.934e-01
2.773e-01
2.792e-01
2.802e-01
2.760e-01
2.764e-01
2.787e-01
2.803e-01
2.794e-01
2.815e-01
2.758e-01
2.829e-01
2.794e-01
2.882e-01
2.792e-01
2.775e-01
2.744e-01
2.770e-01
2.756e-01
2.781e-01
2.792e-01
2.820e-01
2.792e-01
2.796e-01
2.795e-01
2.789e-01
2.865e-01
2.788e-01
2.797e-01
2.835e-01
2.763e-01
2.776e-01
2.780e-01
2.759e-01
2.815e-01
2.758e-01
2.773e-01
2.821e-01
2.794e-01
2.772e-01
2.798e-01
2.787e-01
2.812e-01
2.792e-01
2.808e-01
2.796e-01
2.799e-01
2.754e-01
2.761e-01
2.809e-01
2.760e-01
2.790e-01
2.779e-01
2.788e-01
2.771e-01
2.772e-01
2.826e-01
2.798e-01
2.835e-01
2.794e-01
2.800e-01
2.802e-01
2.784e-01
2.774e-01
2.797e-01
2.834e-01
2.804e-01
2.752e-01
2.769e-01
2.790e-01
2.774e-01
2.778e-01
2.799e-01
2.802e-01
2.781e-01
2.822e-01
2.774e-01
2.785e-01
2.803e-01
2.810e-01
2.780e-01
2.781e-01
2.806e-01
2.758e-01
2.804e-01
2.823e-01
2.816e-01
2.829e-01
2.809e-01
2.787e-01
2.795e-01
2.769e-01
2.757e-01
2.803e-01
2.765e-01
2.832e-01
2.815e-01
2.775e-01
2.775e-01
2.786e-01
2.814e-01
2.800e-01
2.818e-01
2.808e-01
2.799e-01
2.861e-01
2.808e-01
2.846e-01
2.768e-01
2.824e-01
2.802e-01
2.830e-01
2.810e-01
2.796e-01
2.794e-01
2.798e-01
2.820e-01
2.789e-01
2.899e-01
2.792e-01
2.780e-01
2.810e-01
2.781e-01
2.794e-01
2.767e-01
2.741e-01
2.777e-01
2.759e-01
2.787e-01
2.820e-01
2.785e-01
2.888e-01
2.885e-01
2.843e-01
2.852e-01
2.785e-01
2.759e-01
2.772e-01
2.797e-01
2.797e-01
2.762e-01
2.785e-01
2.809e-01
2.751e-01
2.906e-01
2.798e-01
2.791e-01
2.775e-01
2.747e-01
2.794e-01
2.764e-01
2.747e-01
2.788e-01
2.790e-01
2.819e-01
2.756e-01
2.808e-01
2.833e-01
2.831e-01
2.807e-01
2.798e-01
2.783e-01
2.787e-01
2.778e-01
2.795e-01
2.822e-01
2.828e-01
2.798e-01
2.826e-01
2.811e-01
2.788e-01
2.790e-01
2.781e-01
2.793e-01
2.793e-01
2.774e-01
2.772e-01
2.745e-01
2.736e-01
2.828e-01
2.804e-01
2.827e-01
2.764e-01
2.782e-01
2.819e-01
2.792e-01
2.789e-01
2.818e-01
2.809e-01
2.796e-01
2.779e-01
2.807e-01
2.789e-01
2.811e-01
2.783e-01
2.793e-01
2.780e-01
2.796e-01
2.793e-01
2.760e-01
2.810e-01
2.766e-01
2.796e-01
2.817e-01
2.810e-01
2.817e-01
2.807e-01
2.831e-01
2.774e-01
2.793e-01
2.821e-01
2.827e-01
2.801e-01
2.821e-01
2.815e-01
2.800e-01
2.851e-01
2.766e-01
2.758e-01
2.796e-01
2.793e-01
2.796e-01
2.836e-01
2.788e-01
2.782e-01
2.814e-01
2.807e-01
2.817e-01
2.806e-01
2.789e-01
2.779e-01
2.780e-01
2.830e-01
2.777e-01
2.757e-01
2.805e-01
2.845e-01
2.761e-01
2.787e-01
2.773e-01
2.768e-01
2.809e-01
2.783e-01
2.784e-01
2.787e-01
2.807e-01
2.800e-01
2.780e-01
2.759e-01
2.897e-01
2.767e-01
2.788e-01
2.797e-01
2.796e-01
2.822e-01
2.758e-01
2.809e-01
2.830e-01
2.770e-01
2.793e-01
2.820e-01
2.807e-01
2.868e-01
2.847e-01
2.801e-01
2.791e-01
2.754e-01
2.789e-01
2.792e-01
2.767e-01
2.786e-01
2.794e-01
2.804e-01
2.800e-01
2.762e-01
2.888e-01
2.812e-01
2.767e-01
2.791e-01
2.746e-01
2.786e-01
2.793e-01
2.785e-01
2.758e-01
2.798e-01
2.742e-01
2.803e-01
2.768e-01
2.795e-01
2.785e-01
2.758e-01
2.763e-01
2.800e-01
2.816e-01
2.805e-01
2.797e-01
2.836e-01
2.786e-01
2.771e-01
2.794e-01
2.844e-01
2.793e-01
2.758e-01
2.792e-01
2.805e-01
2.808e-01
2.858e-01
2.806e-01
2.794e-01
2.810e-01
2.798e-01
2.817e-01
2.809e-01
2.810e-01
2.787e-01
2.839e-01
2.830e-01
2.784e-01
2.740e-01
2.836e-01
2.774e-01
2.753e-01
2.766e-01
2.839e-01
2.815e-01
2.810e-01
2.781e-01
2.818e-01
2.730e-01
2.787e-01
2.771e-01
2.799e-01
2.774e-01
2.799e-01
2.792e-01
2.764e-01
2.775e-01
2.787e-01
2.788e-01
2.806e-01
2.786e-01
2.830e-01
2.789e-01
2.790e-01
2.765e-01
2.809e-01
2.781e-01
2.788e-01
2.779e-01
2.823e-01
2.788e-01
2.779e-01
2.782e-01
2.785e-01
2.790e-01
2.799e-01
2.772e-01
2.800e-01
2.807e-01
2.748e-01
2.801e-01
2.758e-01
2.764e-01
2.797e-01
2.783e-01
2.799e-01
2.763e-01
2.864e-01
2.805e-01
2.805e-01
2.787e-01
2.788e-01
2.790e-01
2.770e-01
2.772e-01
2.798e-01
2.863e-01
2.798e-01
2.787e-01
2.776e-01
2.893e-01
2.766e-01
2.764e-01
2.787e-01
2.811e-01
2.765e-01
2.757e-01
2.795e-01
2.811e-01
2.825e-01
2.761e-01
2.781e-01
2.801e-01
2.877e-01
2.771e-01
2.741e-01
2.792e-01
2.841e-01
2.747e-01
2.804e-01
2.769e-01
2.798e-01
2.772e-01
2.801e-01
2.780e-01
2.827e-01
2.866e-01
2.772e-01
2.836e-01
2.774e-01
2.784e-01
2.772e-01
2.770e-01
2.789e-01
2.773e-01
2.762e-01
2.776e-01
2.801e-01
2.832e-01
2.805e-01
2.780e-01
2.776e-01
2.796e-01
2.801e-01
2.831e-01
2.777e-01
2.793e-01
2.770e-01
2.795e-01
2.769e-01
2.792e-01
2.764e-01
2.830e-01
2.843e-01
2.760e-01
2.785e-01
2.749e-01
2.828e-01
2.802e-01
2.756e-01
2.799e-01
2.781e-01
2.780e-01
2.812e-01
2.813e-01
2.758e-01
2.785e-01
2.789e-01
2.739e-01
2.799e-01
2.782e-01
2.780e-01
2.806e-01
2.807e-01
2.796e-01
2.756e-01
2.809e-01
2.778e-01
2.793e-01
2.794e-01
2.807e-01
2.786e-01
2.791e-01
2.785e-01
2.824e-01
2.833e-01
2.840e-01
2.810e-01
2.794e-01
2.783e-01
2.777e-01
2.769e-01
2.809e-01
2.809e-01
2.795e-01
2.757e-01
2.767e-01
2.800e-01
2.868e-01
2.759e-01
2.802e-01
2.811e-01
2.806e-01
2.762e-01
2.779e-01
2.894e-01
2.814e-01
2.792e-01
2.790e-01
2.782e-01
2.794e-01
2.767e-01
2.876e-01
2.813e-01
2.812e-01
2.796e-01
2.799e-01
2.769e-01
2.927e-01
2.767e-01
2.816e-01
2.768e-01
2.787e-01
2.828e-01
2.794e-01
2.801e-01
2.843e-01
2.793e-01
2.801e-01
2.791e-01
2.797e-01
2.934e-01
2.757e-01
2.822e-01
2.789e-01
2.802e-01
2.798e-01
2.801e-01
2.819e-01
2.813e-01
2.806e-01
2.775e-01
2.802e-01
2.761e-01
2.914e-01
2.786e-01
2.775e-01
2.799e-01
2.771e-01
2.796e-01
2.819e-01
2.812e-01
2.816e-01
2.795e-01
2.828e-01
2.797e-01
2.796e-01
2.783e-01
2.774e-01
2.820e-01
2.789e-01
2.755e-01
2.835e-01
2.780e-01
2.807e-01
2.766e-01
2.775e-01
2.734e-01
2.778e-01
2.772e-01
2.791e-01
2.787e-01
2.801e-01
2.772e-01
2.782e-01
2.765e-01
2.793e-01
2.794e-01
2.765e-01
2.768e-01
2.818e-01
2.834e-01
2.765e-01
2.821e-01
2.780e-01
2.773e-01
2.787e-01
2.765e-01
2.778e-01
2.765e-01
2.815e-01
2.770e-01
2.750e-01
2.792e-01
2.805e-01
2.764e-01
2.818e-01
2.801e-01
2.752e-01
2.789e-01
2.820e-01
2.817e-01
2.810e-01
2.760e-01
2.813e-01
2.804e-01
2.781e-01
2.807e-01
2.815e-01
2.794e-01
2.794e-01
2.762e-01
2.773e-01
2.759e-01
2.774e-01
2.827e-01
2.772e-01
2.800e-01
2.774e-01
2.769e-01
2.789e-01
2.792e-01
2.763e-01
2.903e-01
2.845e-01
2.781e-01
2.783e-01
2.808e-01
2.812e-01
2.802e-01
2.775e-01
2.817e-01
2.783e-01
2.780e-01
2.767e-01
2.804e-01
2.907e-01
2.819e-01
2.776e-01
2.798e-01
2.818e-01
2.782e-01
2.781e-01
2.776e-01
2.743e-01
2.772e-01
2.834e-01
2.799e-01
2.761e-01
2.909e-01
2.793e-01
2.793e-01
2.833e-01
2.828e-01
2.796e-01
2.790e-01
2.773e-01
2.763e-01
2.794e-01
2.776e-01
2.793e-01
2.847e-01
2.851e-01
2.791e-01
2.798e-01
2.776e-01
2.802e-01
2.769e-01
2.768e-01
2.829e-01
2.799e-01
2.783e-01
2.828e-01
2.805e-01
2.801e-01
2.806e-01
2.825e-01
2.803e-01
2.799e-01
2.770e-01
2.800e-01
2.799e-01
2.802e-01
2.783e-01
2.773e-01
2.847e-01
2.740e-01
2.801e-01
2.763e-01
2.810e-01
2.797e-01
2.789e-01
2.777e-01
2.780e-01
2.733e-01
2.790e-01
2.788e-01
2.822e-01
2.793e-01
2.819e-01
2.762e-01
2.792e-01
2.793e-01
2.774e-01
2.791e-01
2.777e-01
2.761e-01
2.795e-01
2.801e-01
2.768e-01
2.801e-01
2.778e-01
2.739e-01
2.794e-01
2.812e-01
2.795e-01
2.830e-01
2.861e-01
2.775e-01
2.801e-01
2.783e-01
2.797e-01
2.806e-01
2.787e-01
2.796e-01
2.798e-01
2.783e-01
2.788e-01
2.794e-01
2.792e-01
2.826e-01
2.791e-01
2.791e-01
2.814e-01
2.799e-01
2.803e-01
2.779e-01
2.774e-01
2.790e-01
2.760e-01
2.766e-01
2.866e-01
2.802e-01
2.782e-01
2.765e-01
2.800e-01
2.758e-01
2.804e-01
2.779e-01
2.799e-01
2.823e-01
2.764e-01
2.782e-01
2.799e-01
2.898e-01
2.749e-01
2.758e-01
2.812e-01
2.834e-01
2.824e-01
2.776e-01
2.832e-01
2.800e-01
2.831e-01
2.791e-01
2.785e-01
2.783e-01
2.889e-01
2.807e-01
2.802e-01
2.770e-01
2.769e-01
2.800e-01
2.806e-01
2.827e-01
2.790e-01
2.818e-01
2.778e-01
2.802e-01
2.826e-01
2.850e-01
2.819e-01
2.775e-01
2.805e-01
2.806e-01
2.819e-01
2.790e-01
2.748e-01
2.828e-01
2.768e-01
2.818e-01
2.789e-01
2.785e-01
2.821e-01
2.780e-01
2.845e-01
2.763e-01
2.779e-01
2.797e-01
2.771e-01
2.829e-01
2.803e-01
2.802e-01
2.766e-01
2.808e-01
2.757e-01
2.827e-01
2.771e-01
2.784e-01
2.821e-01
2.772e-01
2.763e-01
2.792e-01
2.765e-01
2.775e-01
2.794e-01
2.809e-01
2.779e-01
2.774e-01
2.785e-01
2.804e-01
2.753e-01
2.792e-01
2.794e-01
2.766e-01
2.801e-01
2.808e-01
2.743e-01
2.829e-01
2.755e-01
2.804e-01
2.795e-01
2.811e-01
2.786e-01
2.770e-01
2.811e-01
2.853e-01
2.790e-01
2.828e-01
2.746e-01
2.772e-01
2.747e-01
2.810e-01
2.796e-01
2.786e-01
2.789e-01
2.803e-01
2.750e-01
2.753e-01
2.815e-01
2.784e-01
2.789e-01
2.783e-01
2.816e-01
2.797e-01
2.768e-01
2.770e-01
2.795e-01
2.776e-01
2.820e-01
2.810e-01
2.816e-01
2.785e-01
2.763e-01
2.746e-01
2.773e-01
2.815e-01
2.763e-01
2.800e-01
2.786e-01
2.779e-01
2.755e-01
2.940e-01
2.779e-01
2.802e-01
2.798e-01
2.774e-01
2.859e-01
2.761e-01
2.772e-01
2.806e-01
2.824e-01
2.752e-01
2.818e-01
2.785e-01
2.949e-01
2.937e-01
2.745e-01
2.804e-01
2.744e-01
2.792e-01
2.790e-01
2.791e-01
2.811e-01
2.837e-01
2.813e-01
2.781e-01
2.791e-01
2.915e-01
2.833e-01
2.791e-01
2.792e-01
2.766e-01
2.842e-01
2.808e-01
2.793e-01
2.759e-01
2.804e-01
2.772e-01
2.801e-01
2.757e-01
2.933e-01
2.756e-01
2.821e-01
2.786e-01
2.766e-01
2.782e-01
2.762e-01
2.798e-01
2.797e-01
2.797e-01
2.793e-01
2.767e-01
2.876e-01
2.783e-01
2.804e-01
2.796e-01
2.818e-01
2.759e-01
2.751e-01
2.791e-01
2.805e-01
2.789e-01
2.845e-01
2.790e-01
2.778e-01
2.794e-01
2.788e-01
2.800e-01
2.778e-01
2.778e-01
2.756e-01
2.803e-01
2.806e-01
2.822e-01
2.766e-01
2.776e-01
2.792e-01
2.801e-01
2.851e-01
2.781e-01
2.779e-01
2.798e-01
2.788e-01
2.813e-01
2.809e-01
2.793e-01
2.766e-01
2.762e-01
2.794e-01
2.791e-01
2.763e-01
2.781e-01
2.779e-01
2.805e-01
2.764e-01
2.783e-01
2.809e-01
2.788e-01
2.794e-01
2.788e-01
2.865e-01
2.850e-01
2.869e-01
2.793e-01
2.773e-01
2.789e-01
2.796e-01
2.764e-01
2.850e-01
2.799e-01
2.814e-01
2.804e-01
2.785e-01
2.797e-01
2.801e-01
2.773e-01
2.791e-01
2.818e-01
2.767e-01
2.810e-01
2.773e-01
2.779e-01
2.784e-01
2.774e-01
2.848e-01
2.786e-01
2.806e-01
2.758e-01
2.768e-01
2.791e-01
2.770e-01
2.785e-01
2.882e-01
2.767e-01
2.781e-01
2.783e-01
2.825e-01
2.806e-01
2.766e-01
2.786e-01
2.818e-01
2.768e-01
2.818e-01
2.811e-01
2.765e-01
2.863e-01
2.772e-01
2.773e-01
2.767e-01
2.777e-01
2.782e-01
2.830e-01
2.789e-01
2.772e-01
2.800e-01
2.772e-01
2.807e-01
2.825e-01
2.867e-01
2.757e-01
2.794e-01
2.800e-01
2.800e-01
2.797e-01
2.788e-01
2.782e-01
2.766e-01
2.775e-01
2.798e-01
2.778e-01
2.776e-01
2.841e-01
2.770e-01
2.745e-01
2.755e-01
2.826e-01
2.800e-01
2.774e-01
2.796e-01
2.825e-01
2.848e-01
2.765e-01
2.793e-01
2.808e-01
2.789e-01
2.783e-01
2.815e-01
2.776e-01
2.774e-01
2.765e-01
2.861e-01
2.811e-01
2.817e-01
2.774e-01
2.787e-01
2.826e-01
2.788e-01
2.798e-01
2.788e-01
2.811e-01
2.765e-01
2.846e-01
2.809e-01
2.792e-01
2.797e-01
2.770e-01
2.787e-01
2.792e-01
2.817e-01
2.813e-01
2.776e-01
2.795e-01
2.810e-01
2.824e-01
2.793e-01
2.762e-01
2.797e-01
2.774e-01
2.786e-01
2.804e-01
2.779e-01
2.781e-01
2.762e-01
2.759e-01
2.752e-01
2.795e-01
2.838e-01
2.765e-01
2.774e-01
2.782e-01
2.786e-01
2.785e-01
2.813e-01
2.841e-01
2.801e-01
2.751e-01
2.828e-01
2.902e-01
2.804e-01
2.752e-01
2.792e-01
2.759e-01
2.801e-01
2.815e-01
2.793e-01
2.783e-01
2.786e-01
2.822e-01
2.781e-01
2.799e-01
2.905e-01
2.776e-01
2.844e-01
2.794e-01
2.773e-01
2.828e-01
2.796e-01
2.790e-01
2.810e-01
2.791e-01
2.814e-01
2.763e-01
2.802e-01
2.921e-01
2.786e-01
2.758e-01
2.755e-01
2.798e-01
2.784e-01
2.760e-01
2.801e-01
2.796e-01
2.783e-01
2.791e-01
2.800e-01
2.796e-01
2.906e-01
2.779e-01
2.798e-01
2.801e-01
2.758e-01
2.816e-01
2.831e-01
2.782e-01
2.765e-01
2.817e-01
2.787e-01
2.760e-01
2.766e-01
2.798e-01
2.802e-01
2.816e-01
2.773e-01
2.807e-01
2.787e-01
2.789e-01
2.782e-01
2.770e-01
2.748e-01
2.797e-01
2.766e-01
2.796e-01
2.785e-01
2.795e-01
2.815e-01
2.786e-01
2.784e-01
2.786e-01
2.774e-01
2.791e-01
2.780e-01
2.780e-01
2.760e-01
2.801e-01
2.799e-01
2.770e-01
2.745e-01
2.811e-01
2.762e-01
2.826e-01
2.845e-01
2.799e-01
2.789e-01
2.762e-01
2.766e-01
2.794e-01
2.795e-01
2.782e-01
2.782e-01
2.808e-01
2.785e-01
2.795e-01
2.775e-01
2.804e-01
2.776e-01
2.787e-01
2.796e-01
2.749e-01
2.777e-01
2.776e-01
2.782e-01
2.820e-01
2.807e-01
2.790e-01
2.751e-01
2.848e-01
2.777e-01
2.782e-01
2.812e-01
2.805e-01
2.786e-01
2.793e-01
2.793e-01
2.793e-01
2.833e-01
2.887e-01
2.815e-01
2.807e-01
2.745e-01
2.773e-01
2.794e-01
2.827e-01
2.775e-01
2.793e-01
2.792e-01
2.814e-01
2.799e-01
2.782e-01
2.904e-01
2.762e-01
2.764e-01
2.802e-01
2.831e-01
2.775e-01
2.746e-01
2.777e-01
2.774e-01
2.780e-01
2.757e-01
2.801e-01
2.787e-01
2.890e-01
2.856e-01
2.837e-01
2.857e-01
2.788e-01
2.809e-01
2.779e-01
2.798e-01
2.815e-01
2.760e-01
2.750e-01
2.767e-01
2.751e-01
2.853e-01
2.835e-01
2.797e-01
2.748e-01
2.792e-01
2.769e-01
2.834e-01
2.803e-01
2.744e-01
2.793e-01
2.812e-01
2.768e-01
2.790e-01
2.826e-01
2.778e-01
2.771e-01
2.802e-01
2.749e-01
2.814e-01
2.784e-01
2.754e-01
2.804e-01
2.788e-01
2.801e-01
2.774e-01
2.794e-01
2.776e-01
2.786e-01
2.844e-01
2.766e-01
2.783e-01
2.856e-01
2.781e-01
2.824e-01
2.766e-01
2.801e-01
2.791e-01
2.798e-01
2.809e-01
2.791e-01
2.797e-01
2.773e-01
2.782e-01
2.814e-01
2.782e-01
2.803e-01
2.803e-01
2.823e-01
2.805e-01
2.804e-01
2.781e-01
2.814e-01
2.821e-01
2.816e-01
2.781e-01
2.792e-01
2.820e-01
2.773e-01
2.794e-01
2.775e-01
2.772e-01
2.791e-01
2.773e-01
2.777e-01
2.817e-01
2.765e-01
2.773e-01
2.736e-01
2.791e-01
2.798e-01
2.849e-01
2.790e-01
2.797e-01
2.785e-01
2.802e-01
2.814e-01
2.810e-01
2.773e-01
2.768e-01
2.820e-01
2.773e-01
2.762e-01
2.784e-01
2.794e-01
2.765e-01
2.812e-01
2.755e-01
2.803e-01
2.817e-01
2.811e-01
2.769e-01
2.815e-01
2.911e-01
2.799e-01
2.813e-01
2.765e-01
2.789e-01
2.782e-01
2.760e-01
2.805e-01
2.756e-01
2.766e-01
2.797e-01
2.794e-01
2.812e-01
2.892e-01
2.851e-01
2.757e-01
2.792e-01
2.757e-01
2.806e-01
2.789e-01
2.840e-01
2.782e-01
2.780e-01
2.801e-01
2.797e-01
2.813e-01
2.934e-01
2.767e-01
2.777e-01
2.784e-01
2.798e-01
2.796e-01
2.745e-01
2.764e-01
2.781e-01
2.782e-01
2.789e-01
2.782e-01
2.763e-01
2.831e-01
2.800e-01
2.806e-01
2.827e-01
2.786e-01
2.819e-01
2.759e-01
2.807e-01
2.808e-01
2.815e-01
2.790e-01
2.788e-01
2.794e-01
2.811e-01
2.786e-01
2.779e-01
2.774e-01
2.803e-01
2.797e-01
2.826e-01
2.776e-01
2.814e-01
2.778e-01
2.795e-01
2.781e-01
2.820e-01
2.796e-01
2.804e-01
2.776e-01
2.767e-01
2.808e-01
2.793e-01
2.811e-01
2.764e-01
2.792e-01
2.774e-01
2.769e-01
2.775e-01
2.811e-01
2.788e-01
2.780e-01
2.781e-01
2.796e-01
2.777e-01
2.791e-01
2.787e-01
2.787e-01
2.821e-01
2.822e-01
2.799e-01
2.775e-01
2.786e-01
2.794e-01
2.813e-01
2.796e-01
2.786e-01
2.764e-01
2.772e-01
2.773e-01
2.749e-01
2.802e-01
2.814e-01
2.833e-01
2.801e-01
2.771e-01
2.800e-01
2.784e-01
2.778e-01
2.788e-01
2.797e-01
2.776e-01
2.788e-01
2.846e-01
2.808e-01
2.777e-01
2.792e-01
2.816e-01
2.773e-01
2.764e-01
2.890e-01
2.761e-01
2.841e-01
2.818e-01
2.815e-01
2.841e-01
2.773e-01
2.785e-01
2.788e-01
2.841e-01
2.770e-01
2.808e-01
2.761e-01
2.901e-01
2.796e-01
2.837e-01
2.756e-01
2.828e-01
2.779e-01
2.802e-01
2.812e-01
2.813e-01
2.788e-01
2.787e-01
2.811e-01
2.797e-01
2.913e-01
2.770e-01
2.814e-01
2.824e-01
2.817e-01
2.770e-01
2.824e-01
2.805e-01
2.792e-01
2.792e-01
2.759e-01
2.775e-01
2.765e-01
2.902e-01
2.788e-01
2.747e-01
2.783e-01
2.787e-01
2.821e-01
2.795e-01
2.843e-01
2.802e-01
2.798e-01
2.788e-01
2.773e-01
2.736e-01
2.773e-01
2.805e-01
2.801e-01
2.796e-01
2.777e-01
2.778e-01
2.794e-01
2.808e-01
2.785e-01
2.758e-01
2.802e-01
2.826e-01
2.783e-01
2.799e-01
2.816e-01
2.818e-01
2.804e-01
2.774e-01
2.817e-01
2.802e-01
2.838e-01
2.790e-01
2.760e-01
2.782e-01
2.764e-01
2.777e-01
2.807e-01
2.824e-01
2.816e-01
2.763e-01
2.773e-01
2.785e-01
2.773e-01
2.796e-01
2.793e-01
2.800e-01
2.829e-01
2.765e-01
2.814e-01
2.761e-01
2.774e-01
2.790e-01
2.780e-01
2.774e-01
2.794e-01
2.829e-01
2.807e-01
2.815e-01
2.767e-01
2.776e-01
2.836e-01
2.764e-01
2.778e-01
2.803e-01
2.805e-01
2.769e-01
2.746e-01
2.766e-01
2.778e-01
2.783e-01
2.812e-01
2.810e-01
2.784e-01
2.839e-01
2.791e-01
2.784e-01
2.781e-01
2.748e-01
2.797e-01
2.840e-01
2.771e-01
2.801e-01
2.853e-01
2.785e-01
2.762e-01
2.771e-01
2.773e-01
2.779e-01
2.776e-01
2.869e-01
2.832e-01
2.760e-01
2.770e-01
2.789e-01
2.766e-01
2.800e-01
2.776e-01
2.818e-01
2.814e-01
2.769e-01
2.796e-01
2.732e-01
2.888e-01
2.770e-01
2.751e-01
2.760e-01
2.794e-01
2.784e-01
2.766e-01
2.763e-01
2.783e-01
2.742e-01
2.790e-01
2.798e-01
2.827e-01
2.902e-01
2.823e-01
2.808e-01
2.796e-01
2.789e-01
2.775e-01
2.815e-01
2.851e-01
2.767e-01
2.758e-01
2.790e-01
2.775e-01
2.782e-01
2.813e-01
2.766e-01
2.806e-01
2.776e-01
2.778e-01
2.796e-01
2.775e-01
2.746e-01
2.793e-01
2.779e-01
2.787e-01
2.749e-01
2.807e-01
2.761e-01
2.784e-01
2.806e-01
2.772e-01
2.795e-01
2.824e-01
2.806e-01
2.797e-01
2.728e-01
2.772e-01
2.818e-01
2.825e-01
2.801e-01
2.865e-01
2.766e-01
2.740e-01
2.780e-01
2.766e-01
2.752e-01
2.783e-01
2.779e-01
2.806e-01
2.762e-01
2.778e-01
2.796e-01
2.791e-01
2.817e-01
2.801e-01
2.797e-01
2.771e-01
2.793e-01
2.769e-01
2.790e-01
2.772e-01
2.763e-01
2.826e-01
2.786e-01
2.764e-01
2.844e-01
2.810e-01
2.788e-01
2.779e-01
2.785e-01
2.824e-01
2.775e-01
2.769e-01
2.818e-01
2.780e-01
2.799e-01
2.794e-01
2.860e-01
2.820e-01
2.784e-01
2.846e-01
2.804e-01
2.829e-01
2.839e-01
2.782e-01
2.784e-01
2.796e-01
2.809e-01
2.776e-01
2.813e-01
2.772e-01
2.811e-01
2.811e-01
2.885e-01
2.811e-01
2.789e-01
2.805e-01
2.771e-01
2.781e-01
2.779e-01
2.759e-01
2.772e-01
2.798e-01
2.816e-01
2.822e-01
2.757e-01
2.895e-01
2.786e-01
2.804e-01
2.781e-01
2.796e-01
2.820e-01
2.754e-01
2.774e-01
2.770e-01
2.802e-01
2.781e-01
2.795e-01
2.802e-01
2.916e-01
2.789e-01
2.809e-01
2.743e-01
2.813e-01
2.765e-01
2.811e-01
2.759e-01
2.797e-01
2.782e-01
2.817e-01
2.800e-01
2.783e-01
2.874e-01
2.798e-01
2.820e-01
2.824e-01
2.790e-01
2.830e-01
2.859e-01
2.829e-01
2.813e-01
2.773e-01
2.832e-01
2.792e-01
2.798e-01
2.809e-01
2.800e-01
2.784e-01
2.764e-01
2.772e-01
2.779e-01
2.818e-01
2.775e-01
2.778e-01
2.790e-01
2.766e-01
2.771e-01
2.795e-01
2.783e-01
2.797e-01
2.782e-01
2.795e-01
2.816e-01
2.757e-01
2.833e-01
2.813e-01
2.781e-01
2.816e-01
2.819e-01
2.787e-01
2.772e-01
2.776e-01
2.796e-01
2.818e-01
2.779e-01
2.801e-01
2.797e-01
2.805e-01
2.791e-01
2.769e-01
2.785e-01
2.780e-01
2.853e-01
2.749e-01
2.798e-01
2.818e-01
2.775e-01
2.814e-01
3.020e-01
2.807e-01
2.828e-01
2.783e-01
2.781e-01
2.793e-01
2.793e-01
2.844e-01
2.763e-01
2.780e-01
2.785e-01
2.823e-01
2.827e-01
2.792e-01
2.814e-01
2.826e-01
2.803e-01
2.773e-01
2.784e-01
2.778e-01
2.808e-01
2.813e-01
2.764e-01
2.788e-01
2.740e-01
2.794e-01
2.788e-01
2.792e-01
2.797e-01
2.830e-01
2.948e-01
2.821e-01
2.791e-01
2.805e-01
2.811e-01
2.768e-01
2.834e-01
2.804e-01
2.790e-01
2.771e-01
2.788e-01
2.773e-01
2.809e-01
2.774e-01
2.782e-01
2.770e-01
2.800e-01
2.777e-01
2.767e-01
2.955e-01
2.782e-01
2.790e-01
2.780e-01
2.781e-01
2.782e-01
2.772e-01
2.752e-01
2.791e-01
2.805e-01
2.787e-01
2.773e-01
2.798e-01
2.875e-01
2.776e-01
2.762e-01
2.820e-01
2.803e-01
2.801e-01
2.802e-01
2.809e-01
2.766e-01
2.801e-01
2.787e-01
2.807e-01
2.778e-01
2.879e-01
2.775e-01
2.826e-01
2.787e-01
2.797e-01
2.799e-01
2.785e-01
2.798e-01
2.777e-01
2.760e-01
2.767e-01
2.828e-01
2.787e-01
2.771e-01
2.760e-01
2.812e-01
2.766e-01
2.762e-01
2.756e-01
2.833e-01
2.802e-01
2.811e-01
2.787e-01
2.867e-01
2.838e-01
2.822e-01
2.835e-01
2.781e-01
2.801e-01
2.791e-01
2.815e-01
2.773e-01
2.795e-01
2.771e-01
2.762e-01
2.759e-01
2.792e-01
2.789e-01
2.794e-01
2.821e-01
2.768e-01
2.842e-01
2.794e-01
2.777e-01
2.806e-01
2.815e-01
2.797e-01
2.807e-01
2.803e-01
2.787e-01
2.792e-01
2.797e-01
2.775e-01
2.780e-01
2.772e-01
2.799e-01
2.821e-01
2.760e-01
2.819e-01
2.786e-01
2.841e-01
2.814e-01
2.846e-01
2.811e-01
2.832e-01
2.773e-01
2.843e-01
2.818e-01
2.802e-01
2.785e-01
2.849e-01
2.742e-01
2.766e-01
2.772e-01
2.786e-01
2.829e-01
2.810e-01
2.794e-01
2.827e-01
2.785e-01
2.789e-01
2.811e-01
2.813e-01
2.793e-01
2.772e-01
2.822e-01
2.843e-01
2.782e-01
2.792e-01
2.795e-01
2.797e-01
2.790e-01
2.774e-01
2.776e-01
2.802e-01
2.801e-01
2.776e-01
2.768e-01
2.843e-01
2.770e-01
2.813e-01
2.783e-01
2.781e-01
2.829e-01
2.788e-01
2.827e-01
2.775e-01
2.819e-01
2.824e-01
2.764e-01
2.826e-01
2.775e-01
2.767e-01
2.790e-01
2.764e-01
2.769e-01
2.773e-01
2.757e-01
2.899e-01
2.771e-01
2.796e-01
2.760e-01
2.795e-01
2.782e-01
2.780e-01
2.789e-01
2.754e-01
2.789e-01
2.785e-01
2.793e-01
2.779e-01
2.898e-01
2.837e-01
2.783e-01
2.779e-01
2.769e-01
2.808e-01
2.769e-01
2.781e-01
2.788e-01
2.814e-01
2.778e-01
2.776e-01
2.815e-01
2.882e-01
2.831e-01
2.763e-01
2.797e-01
2.780e-01
2.767e-01
2.781e-01
2.798e-01
2.787e-01
2.776e-01
2.794e-01
2.793e-01
2.816e-01
2.776e-01
2.774e-01
2.777e-01
2.757e-01
2.789e-01
2.796e-01
2.800e-01
2.796e-01
2.771e-01
2.801e-01
2.783e-01
2.787e-01
2.795e-01
2.835e-01
2.772e-01
2.787e-01
2.814e-01
2.826e-01
2.747e-01
2.797e-01
2.796e-01
2.801e-01
2.778e-01
2.809e-01
2.842e-01
2.851e-01
2.789e-01
2.787e-01
2.803e-01
2.820e-01
2.798e-01
2.811e-01
2.798e-01
2.865e-01
2.763e-01
2.816e-01
2.800e-01
2.810e-01
2.799e-01
2.766e-01
2.799e-01
2.790e-01
2.810e-01
2.778e-01
2.787e-01
2.794e-01
2.828e-01
2.757e-01
2.842e-01
2.795e-01
2.763e-01
2.754e-01
2.818e-01
2.770e-01
2.791e-01
2.826e-01
2.829e-01
2.795e-01
2.786e-01
2.785e-01
2.772e-01
2.764e-01
2.765e-01
2.794e-01
2.824e-01
2.770e-01
2.763e-01
2.780e-01
2.775e-01
2.779e-01
2.789e-01
2.771e-01
2.788e-01
2.768e-01
2.781e-01
2.788e-01
2.759e-01
2.780e-01
2.793e-01
2.890e-01
2.801e-01
2.775e-01
2.778e-01
2.813e-01
2.799e-01
2.829e-01
2.779e-01
2.814e-01
2.781e-01
2.780e-01
2.771e-01
2.780e-01
2.890e-01
2.761e-01
2.771e-01
2.825e-01
2.736e-01
2.797e-01
2.759e-01
2.814e-01
2.794e-01
2.808e-01
2.780e-01
2.784e-01
2.803e-01
2.892e-01
2.795e-01
2.814e-01
2.801e-01
2.808e-01
2.798e-01
2.760e-01
2.739e-01
2.788e-01
2.784e-01
2.792e-01
2.751e-01
2.735e-01
2.828e-01
2.846e-01
2.759e-01
2.795e-01
2.799e-01
2.782e-01
2.789e-01
2.838e-01
2.785e-01
2.795e-01
2.840e-01
2.755e-01
2.780e-01
2.785e-01
2.770e-01
2.791e-01
2.773e-01
2.821e-01
2.777e-01
2.815e-01
2.786e-01
2.806e-01
2.841e-01
2.808e-01
2.770e-01
2.785e-01
2.815e-01
2.782e-01
2.849e-01
2.762e-01
2.797e-01
2.819e-01
2.781e-01
2.838e-01
2.801e-01
2.752e-01
2.776e-01
2.766e-01
2.805e-01
2.807e-01
2.808e-01
2.807e-01
2.821e-01
2.771e-01
2.772e-01
2.808e-01
2.796e-01
2.772e-01
2.796e-01
2.804e-01
2.814e-01
2.778e-01
2.813e-01
2.790e-01
2.806e-01
2.790e-01
2.760e-01
2.761e-01
2.825e-01
2.779e-01
2.751e-01
2.798e-01
2.792e-01
2.779e-01
2.779e-01
2.872e-01
2.802e-01
2.802e-01
2.766e-01
2.821e-01
2.781e-01
2.766e-01
2.783e-01
2.834e-01
2.811e-01
2.820e-01
2.758e-01
2.783e-01
2.775e-01
2.873e-01
2.761e-01
2.787e-01
2.785e-01
2.802e-01
2.824e-01
2.779e-01
2.800e-01
2.811e-01
2.775e-01
2.820e-01
2.776e-01
2.779e-01
2.914e-01
2.797e-01
2.779e-01
2.796e-01
2.768e-01
2.806e-01
2.766e-01
2.835e-01
2.822e-01
2.768e-01
2.805e-01
2.808e-01
2.763e-01
2.882e-01
2.757e-01
2.788e-01
2.783e-01
2.827e-01
2.782e-01
2.818e-01
2.794e-01
2.773e-01
2.751e-01
2.788e-01
2.751e-01
2.782e-01
2.858e-01
2.806e-01
2.781e-01
2.765e-01
2.798e-01
2.824e-01
2.778e-01
2.802e-01
2.847e-01
2.827e-01
2.777e-01
2.771e-01
2.795e-01
2.821e-01
2.830e-01
2.811e-01
2.765e-01
2.799e-01
2.778e-01
2.788e-01
2.795e-01
2.775e-01
2.800e-01
2.795e-01
2.797e-01
2.788e-01
2.765e-01
2.821e-01
2.759e-01
2.798e-01
2.819e-01
2.811e-01
2.783e-01
2.780e-01
2.753e-01
2.769e-01
2.767e-01
2.797e-01
2.823e-01
2.793e-01
2.916e-01
2.817e-01
2.791e-01
2.771e-01
2.825e-01
2.784e-01
2.784e-01
2.820e-01
2.796e-01
2.815e-01
2.810e-01
2.735e-01
2.757e-01
2.756e-01
2.767e-01
2.809e-01
2.809e-01
2.789e-01
2.810e-01
2.782e-01
2.788e-01
2.774e-01
2.777e-01
2.776e-01
2.789e-01
2.780e-01
2.798e-01
2.795e-01
2.794e-01
2.787e-01
2.777e-01
2.762e-01
2.789e-01
2.817e-01
2.768e-01
2.779e-01
2.790e-01
2.811e-01
2.804e-01
2.829e-01
2.776e-01
2.789e-01
2.799e-01
2.777e-01
2.829e-01
2.806e-01
2.759e-01
2.805e-01
2.806e-01
2.799e-01
2.763e-01
2.795e-01
2.888e-01
2.789e-01
2.799e-01
2.759e-01
2.745e-01
2.789e-01
2.807e-01
2.785e-01
2.749e-01
2.781e-01
2.785e-01
2.806e-01
2.789e-01
2.900e-01
2.772e-01
2.811e-01
2.805e-01
2.780e-01
2.755e-01
2.776e-01
2.793e-01
2.776e-01
2.797e-01
2.821e-01
2.772e-01
2.804e-01
2.876e-01
2.829e-01
2.799e-01
2.769e-01
2.843e-01
2.795e-01
2.772e-01
2.819e-01
2.838e-01
2.819e-01
2.778e-01
2.809e-01
2.814e-01
2.856e-01
2.812e-01
2.824e-01
2.813e-01
2.813e-01
2.787e-01
2.853e-01
2.777e-01
2.785e-01
2.788e-01
2.845e-01
2.803e-01
2.772e-01
2.838e-01
2.795e-01
2.859e-01
2.805e-01
2.779e-01
2.813e-01
2.824e-01
2.830e-01
2.764e-01
2.780e-01
2.765e-01
2.794e-01
2.745e-01
2.798e-01
2.803e-01
2.801e-01
2.755e-01
2.806e-01
2.810e-01
2.790e-01
2.769e-01
2.825e-01
2.783e-01
2.796e-01
2.807e-01
2.801e-01
2.790e-01
2.770e-01
2.789e-01
2.768e-01
2.776e-01
2.806e-01
2.817e-01
2.822e-01
2.746e-01
2.789e-01
2.812e-01
2.771e-01
2.758e-01
2.777e-01
2.787e-01
2.824e-01
2.764e-01
2.806e-01
2.814e-01
2.813e-01
2.814e-01
2.782e-01
2.816e-01
2.795e-01
2.797e-01
2.761e-01
2.792e-01
2.797e-01
2.773e-01
2.783e-01
2.798e-01
2.795e-01
2.746e-01
2.779e-01
2.772e-01
2.781e-01
2.757e-01
2.775e-01
2.779e-01
2.776e-01
2.768e-01
2.802e-01
2.800e-01
2.795e-01
2.826e-01
2.791e-01
2.770e-01
2.821e-01
2.801e-01
2.801e-01
2.777e-01
2.847e-01
2.798e-01
2.879e-01
2.776e-01
2.770e-01
2.792e-01
2.762e-01
2.799e-01
2.786e-01
2.829e-01
2.772e-01
2.767e-01
2.810e-01
2.787e-01
2.802e-01
2.941e-01
2.798e-01
2.796e-01
2.768e-01
2.799e-01
2.798e-01
2.860e-01
2.755e-01
2.779e-01
2.749e-01
2.807e-01
2.787e-01
2.789e-01
2.977e-01
2.809e-01
2.775e-01
2.808e-01
2.853e-01
2.787e-01
2.792e-01
2.791e-01
2.801e-01
2.818e-01
2.773e-01
2.768e-01
2.809e-01
2.881e-01
2.750e-01
2.739e-01
2.856e-01
2.803e-01
2.807e-01
2.753e-01
2.805e-01
2.783e-01
2.818e-01
2.764e-01
2.793e-01
2.768e-01
2.803e-01
2.779e-01
2.766e-01
2.752e-01
2.810e-01
2.797e-01
2.801e-01
2.753e-01
2.779e-01
2.759e-01
2.808e-01
2.803e-01
2.786e-01
2.842e-01
2.813e-01
2.799e-01
2.796e-01
2.786e-01
2.802e-01
2.740e-01
2.746e-01
2.775e-01
2.828e-01
2.778e-01
2.785e-01
2.789e-01
2.796e-01
2.767e-01
2.765e-01
2.779e-01
2.784e-01
2.796e-01
2.796e-01
2.787e-01
2.778e-01
2.788e-01
2.812e-01
2.821e-01
2.776e-01
2.792e-01
2.774e-01
2.811e-01
2.818e-01
2.778e-01
2.773e-01
2.777e-01
2.767e-01
2.811e-01
2.830e-01
2.797e-01
2.786e-01
2.797e-01
2.780e-01
2.769e-01
2.773e-01
2.783e-01
2.795e-01
2.764e-01
2.783e-01
2.761e-01
2.780e-01
2.801e-01
2.767e-01
2.812e-01
2.784e-01
2.832e-01
2.774e-01
2.759e-01
2.790e-01
2.737e-01
2.777e-01
2.801e-01
2.798e-01
2.801e-01
2.825e-01
2.808e-01
2.768e-01
2.791e-01
2.790e-01
2.897e-01
2.780e-01
2.764e-01
2.768e-01
2.782e-01
2.798e-01
2.765e-01
2.802e-01
2.800e-01
2.782e-01
2.789e-01
2.756e-01
2.766e-01
2.866e-01
2.807e-01
2.768e-01
2.764e-01
2.763e-01
2.797e-01
2.777e-01
2.761e-01
2.780e-01
2.753e-01
2.803e-01
2.799e-01
2.770e-01
2.875e-01
2.754e-01
2.785e-01
2.805e-01
2.821e-01
2.767e-01
2.819e-01
2.808e-01
2.775e-01
2.801e-01
2.759e-01
2.743e-01
2.783e-01
2.813e-01
2.822e-01
2.796e-01
2.801e-01
2.774e-01
2.789e-01
2.756e-01
2.763e-01
2.801e-01
2.763e-01
2.812e-01
2.752e-01
2.767e-01
2.799e-01
2.781e-01
2.770e-01
2.806e-01
2.809e-01
2.806e-01
2.766e-01
2.806e-01
2.821e-01
2.744e-01
2.760e-01
2.802e-01
2.813e-01
2.769e-01
2.785e-01
2.797e-01
2.822e-01
2.810e-01
2.820e-01
2.782e-01
2.776e-01
2.776e-01
2.807e-01
2.778e-01
2.802e-01
2.805e-01
2.824e-01
2.806e-01
2.765e-01
2.789e-01
2.817e-01
2.796e-01
2.751e-01
2.791e-01
2.782e-01
2.853e-01
2.766e-01
2.751e-01
2.851e-01
2.809e-01
2.814e-01
2.844e-01
2.834e-01
2.801e-01
2.790e-01
2.785e-01
2.801e-01
2.799e-01
2.804e-01
2.804e-01
2.767e-01
2.761e-01
2.788e-01
2.861e-01
2.783e-01
2.791e-01
2.750e-01
2.811e-01
2.779e-01
2.799e-01
2.816e-01
2.807e-01
2.787e-01
2.784e-01
2.769e-01
2.794e-01
2.881e-01
2.757e-01
2.835e-01
2.803e-01
2.757e-01
2.784e-01
2.815e-01
2.825e-01
2.798e-01
2.754e-01
2.752e-01
2.789e-01
2.798e-01
2.898e-01
2.804e-01
2.773e-01
2.794e-01
2.795e-01
2.782e-01
2.761e-01
2.808e-01
2.786e-01
2.776e-01
2.781e-01
2.808e-01
2.780e-01
2.891e-01
2.772e-01
2.777e-01
2.777e-01
2.753e-01
2.802e-01
2.804e-01
2.789e-01
2.830e-01
2.769e-01
2.777e-01
2.749e-01
2.768e-01
2.795e-01
2.812e-01
2.818e-01
2.779e-01
2.770e-01
2.785e-01
2.751e-01
2.863e-01
2.754e-01
2.795e-01
2.753e-01
2.795e-01
2.770e-01
2.791e-01
2.781e-01
2.786e-01
2.843e-01
2.780e-01
2.784e-01
2.786e-01
2.811e-01
2.781e-01
2.787e-01
2.778e-01
2.825e-01
2.787e-01
2.826e-01
2.847e-01
2.791e-01
2.802e-01
2.761e-01
2.781e-01
2.836e-01
2.842e-01
2.773e-01
2.794e-01
2.816e-01
2.773e-01
2.791e-01
2.843e-01
2.822e-01
2.791e-01
2.795e-01
2.743e-01
2.797e-01
2.812e-01
2.783e-01
2.800e-01
2.780e-01
2.829e-01
2.803e-01
2.808e-01
2.765e-01
2.776e-01
2.772e-01
2.781e-01
2.782e-01
2.765e-01
2.779e-01
2.811e-01
2.777e-01
2.771e-01
2.776e-01
2.804e-01
2.766e-01
2.800e-01
2.840e-01
2.811e-01
2.831e-01
2.802e-01
2.792e-01
2.801e-01
2.767e-01
2.792e-01
2.802e-01
2.826e-01
2.791e-01
2.784e-01
2.758e-01
2.892e-01
2.777e-01
2.762e-01
2.784e-01
2.789e-01
2.824e-01
2.822e-01
2.778e-01
2.794e-01
2.780e-01
2.774e-01
2.809e-01
2.804e-01
2.923e-01
2.833e-01
2.808e-01
2.770e-01
2.755e-01
2.798e-01
2.804e-01
2.797e-01
2.753e-01
2.770e-01
2.795e-01
2.743e-01
2.805e-01
2.933e-01
2.791e-01
2.752e-01
2.762e-01
2.766e-01
2.816e-01
2.776e-01
2.801e-01
2.761e-01
2.786e-01
2.756e-01
2.818e-01
2.800e-01
2.922e-01
2.756e-01
2.744e-01
2.767e-01
2.807e-01
2.784e-01
2.777e-01
2.777e-01
2.810e-01
2.770e-01
2.802e-01
2.763e-01
2.779e-01
2.763e-01
2.810e-01
2.808e-01
2.802e-01
2.848e-01
2.839e-01
2.764e-01
2.792e-01
2.792e-01
2.788e-01
2.760e-01
2.748e-01
2.773e-01
2.814e-01
2.778e-01
2.767e-01
2.783e-01
2.764e-01
2.751e-01
2.799e-01
2.767e-01
2.808e-01
2.761e-01
2.817e-01
2.800e-01
2.786e-01
2.834e-01
2.789e-01
2.783e-01
2.790e-01
2.793e-01
2.809e-01
2.769e-01
2.787e-01
2.789e-01
2.806e-01
2.764e-01
2.796e-01
2.773e-01
2.814e-01
2.793e-01
2.778e-01
2.779e-01
2.802e-01
2.809e-01
2.763e-01
2.769e-01
2.794e-01
2.751e-01
2.787e-01
2.792e-01
2.809e-01
2.807e-01
2.805e-01
2.780e-01
2.813e-01
2.791e-01
2.794e-01
2.798e-01
2.830e-01
2.755e-01
2.791e-01
2.777e-01
2.767e-01
2.776e-01
2.771e-01
2.832e-01
2.821e-01
2.809e-01
2.789e-01
2.779e-01
2.795e-01
2.771e-01
2.814e-01
2.780e-01
2.837e-01
2.790e-01
2.765e-01
2.780e-01
2.942e-01
2.827e-01
2.802e-01
2.782e-01
2.768e-01
2.791e-01
2.795e-01
2.803e-01
2.786e-01
2.782e-01
2.786e-01
2.816e-01
2.773e-01
2.914e-01
2.817e-01
2.766e-01
2.823e-01
2.796e-01
2.819e-01
2.806e-01
2.783e-01
2.782e-01
2.784e-01
2.770e-01
2.771e-01
2.754e-01
2.904e-01
2.795e-01
2.794e-01
2.800e-01
2.816e-01
2.794e-01
2.798e-01
2.759e-01
2.796e-01
2.799e-01
2.749e-01
2.764e-01
2.835e-01
2.855e-01
2.794e-01
2.793e-01
2.797e-01
2.787e-01
2.773e-01
2.799e-01
2.820e-01
2.770e-01
2.796e-01
2.811e-01
2.762e-01
2.736e-01
2.799e-01
2.794e-01
2.812e-01
2.761e-01
2.831e-01
2.780e-01
2.786e-01
2.801e-01
2.781e-01
2.791e-01
2.761e-01
2.790e-01
2.805e-01
2.805e-01
2.756e-01
2.797e-01
2.751e-01
2.797e-01
2.729e-01
2.804e-01
2.848e-01
2.796e-01
2.826e-01
2.803e-01
2.798e-01
2.800e-01
2.812e-01
2.776e-01
2.789e-01
2.825e-01
2.774e-01
2.818e-01
2.744e-01
2.822e-01
2.764e-01
2.753e-01
2.790e-01
2.794e-01
2.824e-01
2.828e-01
2.767e-01
2.804e-01
2.787e-01
2.770e-01
2.774e-01
2.791e-01
2.803e-01
2.813e-01
2.829e-01
2.784e-01
2.836e-01
2.789e-01
2.795e-01
2.778e-01
2.774e-01
2.812e-01
2.807e-01
2.765e-01
2.817e-01
2.781e-01
2.767e-01
2.797e-01
2.779e-01
2.823e-01
2.792e-01
2.768e-01
2.874e-01
2.780e-01
2.828e-01
2.826e-01
2.770e-01
2.838e-01
2.770e-01
2.805e-01
2.796e-01
2.776e-01
2.782e-01
2.778e-01
2.748e-01
2.879e-01
2.777e-01
2.784e-01
2.803e-01
2.825e-01
2.779e-01
2.773e-01
2.776e-01
2.818e-01
2.808e-01
2.771e-01
2.784e-01
2.794e-01
2.924e-01
2.778e-01
2.798e-01
2.786e-01
2.820e-01
2.752e-01
2.759e-01
2.804e-01
2.810e-01
2.778e-01
2.802e-01
2.771e-01
2.771e-01
2.850e-01
2.779e-01
2.755e-01
2.814e-01
2.764e-01
2.805e-01
2.745e-01
2.792e-01
2.785e-01
2.816e-01
2.761e-01
2.758e-01
2.762e-01
2.788e-01
2.778e-01
2.820e-01
2.786e-01
2.804e-01
2.784e-01
2.746e-01
2.806e-01
2.814e-01
2.776e-01
2.778e-01
2.787e-01
2.824e-01
2.811e-01
2.847e-01
2.795e-01
2.768e-01
2.786e-01
2.794e-01
2.806e-01
2.799e-01
2.782e-01
2.807e-01
2.781e-01
2.817e-01
2.764e-01
2.762e-01
2.821e-01
2.803e-01
2.827e-01
2.805e-01
2.785e-01
2.785e-01
2.790e-01
2.799e-01
2.814e-01
2.755e-01
2.821e-01
2.825e-01
2.796e-01
2.777e-01
2.851e-01
2.772e-01
2.829e-01
2.856e-01
2.822e-01
2.779e-01
2.806e-01
2.817e-01
2.849e-01
2.796e-01
2.770e-01
2.796e-01
2.761e-01
2.761e-01
2.779e-01
2.787e-01
2.753e-01
2.764e-01
2.810e-01
2.768e-01
2.769e-01
2.864e-01
2.792e-01
2.809e-01
2.800e-01
2.825e-01
2.781e-01
2.779e-01
2.740e-01
2.929e-01
2.813e-01
2.827e-01
2.820e-01
2.802e-01
2.805e-01
2.777e-01
2.744e-01
2.805e-01
2.851e-01
2.830e-01
2.782e-01
2.819e-01
2.825e-01
2.795e-01
2.772e-01
2.817e-01
2.758e-01
2.778e-01
2.836e-01
2.793e-01
2.767e-01
2.885e-01
2.799e-01
2.796e-01
2.801e-01
2.788e-01
2.769e-01
2.780e-01
2.757e-01
2.786e-01
2.825e-01
2.798e-01
2.781e-01
2.907e-01
2.867e-01
2.753e-01
2.781e-01
2.813e-01
2.801e-01
2.779e-01
2.826e-01
2.764e-01
2.796e-01
2.805e-01
2.763e-01
2.755e-01
2.776e-01
2.784e-01
2.827e-01
2.809e-01
2.788e-01
2.794e-01
2.815e-01
2.789e-01
2.800e-01
2.779e-01
2.805e-01
2.780e-01
2.790e-01
2.785e-01
2.776e-01
2.818e-01
2.810e-01
2.814e-01
2.761e-01
2.779e-01
2.828e-01
2.811e-01
2.812e-01
2.833e-01
2.776e-01
2.797e-01
2.726e-01
2.752e-01
2.819e-01
2.834e-01
2.775e-01
2.778e-01
2.744e-01
2.819e-01
2.785e-01
2.811e-01
2.790e-01
2.802e-01
2.830e-01
2.813e-01
2.775e-01
2.773e-01
2.767e-01
2.807e-01
2.800e-01
2.821e-01
2.791e-01
2.771e-01
2.787e-01
2.805e-01
2.812e-01
2.787e-01
2.787e-01
2.775e-01
2.782e-01
2.819e-01
2.769e-01
2.803e-01
2.799e-01
2.791e-01
2.766e-01
2.837e-01
2.811e-01
2.822e-01
2.774e-01
2.768e-01
2.836e-01
2.798e-01
2.789e-01
2.825e-01
2.787e-01
2.776e-01
2.764e-01
2.786e-01
2.835e-01
2.810e-01
2.773e-01
2.805e-01
2.753e-01
2.778e-01
2.843e-01
2.808e-01
2.776e-01
2.766e-01
2.809e-01
2.788e-01
2.841e-01
2.791e-01
2.785e-01
2.771e-01
2.815e-01
2.805e-01
2.785e-01
2.906e-01
2.809e-01
2.771e-01
2.786e-01
2.798e-01
2.810e-01
2.788e-01
2.774e-01
2.812e-01
2.826e-01
2.788e-01
2.812e-01
2.780e-01
2.890e-01
2.777e-01
2.763e-01
2.797e-01
2.795e-01
2.801e-01
2.791e-01
2.775e-01
2.813e-01
2.812e-01
2.794e-01
2.780e-01
2.768e-01
2.911e-01
2.813e-01
2.777e-01
2.808e-01
2.819e-01
2.771e-01
2.783e-01
2.771e-01
2.754e-01
2.811e-01
2.785e-01
2.807e-01
2.828e-01
2.846e-01
2.780e-01
2.811e-01
2.818e-01
2.773e-01
2.796e-01
2.758e-01
2.785e-01
2.790e-01
2.738e-01
2.806e-01
2.803e-01
2.834e-01
2.792e-01
2.813e-01
2.820e-01
2.806e-01
2.761e-01
2.781e-01
2.753e-01
2.814e-01
2.767e-01
2.839e-01
2.794e-01
2.773e-01
2.789e-01
2.791e-01
2.806e-01
2.759e-01
2.772e-01
2.803e-01
2.799e-01
2.815e-01
2.790e-01
2.827e-01
2.827e-01
2.767e-01
2.853e-01
2.796e-01
2.776e-01
2.826e-01
2.786e-01
2.820e-01
2.761e-01
2.777e-01
2.822e-01
2.757e-01
2.790e-01
2.808e-01
2.772e-01
2.809e-01
2.816e-01
2.801e-01
2.835e-01
2.765e-01
2.843e-01
2.787e-01
2.800e-01
2.766e-01
2.803e-01
2.812e-01
2.816e-01
2.786e-01
2.784e-01
2.787e-01
2.777e-01
2.780e-01
2.779e-01
2.774e-01
2.825e-01
2.772e-01
2.759e-01
2.783e-01
2.783e-01
2.771e-01
2.778e-01
2.795e-01
2.813e-01
2.774e-01
2.837e-01
2.808e-01
2.778e-01
2.791e-01
2.790e-01
2.805e-01
2.768e-01
2.751e-01
2.774e-01
2.821e-01
2.812e-01
2.810e-01
2.794e-01
2.898e-01
2.816e-01
2.750e-01
2.746e-01
2.783e-01
2.796e-01
2.757e-01
2.764e-01
2.798e-01
2.783e-01
2.807e-01
2.754e-01
2.808e-01
2.966e-01
2.778e-01
2.880e-01
2.790e-01
2.793e-01
2.780e-01
2.831e-01
2.816e-01
2.790e-01
2.819e-01
2.769e-01
2.779e-01
2.788e-01
2.847e-01
2.823e-01
2.810e-01
2.801e-01
2.799e-01
2.779e-01
2.763e-01
2.796e-01
2.772e-01
2.810e-01
2.836e-01
2.809e-01
2.778e-01
2.797e-01
2.795e-01
2.789e-01
2.765e-01
2.794e-01
2.735e-01
2.783e-01
2.791e-01
2.773e-01
2.834e-01
2.813e-01
2.781e-01
2.808e-01
2.825e-01
2.787e-01
2.759e-01
