3 0.000009159000000
5 0.000006675000000
7 0.000006047000000
10 0.000009661000000
25 0.000029999000000
50 0.000067775000000
75 0.000108617000000
100 0.000042739000000
250 0.000120617000000
500 0.000284489000000
750 0.000423678000000
1000 0.000684776000000
2500 0.002171357000000
5000 0.004945501000000
7500 0.008303867000000
10000 0.012273255000000
25000 0.039543812000000
50000 0.095344098000000
75000 0.173717729000000
100000 0.203373700000000
250000 0.737547305000000
500000 1.770763917000000
750000 2.930373911000000
1000000 4.225333046000001
2500000 13.274868651999999
5000000 32.863502603999997
7500000 52.425438649000000
10000000 73.309757677000022
