3 0.000002177000000
5 0.000004325000000
7 0.000004116000000
10 0.000005554000000
25 0.000013566000000
50 0.000021881000000
75 0.000035000000000
100 0.000022426000000
250 0.000068107000000
500 0.000127568000000
750 0.000260253000000
1000 0.000306029000000
2500 0.001010070000000
5000 0.002296165000000
7500 0.003753534000000
10000 0.005311858000000
25000 0.016277524000000
50000 0.037316816000000
75000 0.064328872000000
100000 0.093349951000000
250000 0.281822323000000
500000 0.679580368000002
750000 1.035009688999999
1000000 0.991254829000003
2500000 2.959793500000004
5000000 7.575416646999997
7500000 11.407126621999993
10000000 15.746550108999998
