3 0.000002657000000
5 0.000003955000000
7 0.000004662000000
10 0.000003596000000
25 0.000013245000000
50 0.000027829000000
75 0.000038443000000
100 0.000022714000000
250 0.000056183000000
500 0.000108853000000
750 0.000233286000000
1000 0.000228358000000
2500 0.000811347000000
5000 0.001558300000000
7500 0.003109178000000
10000 0.004220030000000
25000 0.012370663000000
50000 0.031399967000000
75000 0.053091763000000
100000 0.073196197000000
250000 0.235372533000000
500000 0.534969859000000
750000 0.816228553000002
1000000 0.816452298000002
2500000 2.510011925000001
5000000 6.339579431999994
7500000 9.781917195000005
10000000 13.920737755000005
