3 0.000002517000000
5 0.000004713000000
7 0.000004480000000
10 0.000005726000000
25 0.000014449000000
50 0.000030514000000
75 0.000043995000000
100 0.000022473000000
250 0.000071341000000
500 0.000121461000000
750 0.000207437000000
1000 0.000325851000000
2500 0.000908491000000
5000 0.001865033000000
7500 0.003168439000000
10000 0.004547823000000
25000 0.012219302000000
50000 0.029925410000000
75000 0.051703268000000
100000 0.076867592000000
250000 0.260374492000000
500000 0.546157564000000
750000 0.915021037999999
1000000 0.900004140000000
2500000 2.729681487999997
5000000 6.478760875000006
7500000 10.490067888999988
10000000 14.796913978000021
