3 0.000002289000000
5 0.000003794000000
7 0.000004190000000
10 0.000004943000000
25 0.000013394000000
50 0.000027310000000
75 0.000038162000000
100 0.000021483000000
250 0.000050361000000
500 0.000114832000000
750 0.000203576000000
1000 0.000276196000000
2500 0.000849093000000
5000 0.001659780000000
7500 0.003035787000000
10000 0.004289641000000
25000 0.012813190000000
50000 0.032333001000000
75000 0.052861005000000
100000 0.076401322000000
250000 0.236728605000001
500000 0.562356369000000
750000 0.878309176999998
1000000 0.851382310999998
2500000 2.620133656999997
5000000 6.365617052000005
7500000 10.023922570999986
10000000 14.041187643000001
