3 0.000002763000000
5 0.000002441000000
7 0.000002608000000
10 0.000004676000000
25 0.000014222000000
50 0.000028601000000
75 0.000047628000000
100 0.000012153000000
250 0.000042595000000
500 0.000084611000000
750 0.000136890000000
1000 0.000191084000000
2500 0.000526766000000
5000 0.001068411000000
7500 0.001774644000000
10000 0.002962248000000
25000 0.008569654000000
50000 0.021596316000000
75000 0.035793122000000
100000 0.054292318000000
250000 0.154628535000000
500000 0.358639223000000
750000 0.585877371999999
1000000 0.842332546999998
2500000 2.626000348000005
5000000 6.520739908000010
7500000 10.305440824000016
10000000 14.614526387000012
