3 0.000004449000000
5 0.000006467000000
7 0.000008144000000
10 0.000009831000000
25 0.000028543000000
50 0.000061515000000
75 0.000121170000000
100 0.000058615000000
250 0.000193609000000
500 0.000403868000000
750 0.000625760000000
1000 0.000956276000000
2500 0.003043553000000
5000 0.007891556000000
7500 0.012671202000000
10000 0.018019837000000
25000 0.058735969000000
50000 0.142420271000000
75000 0.224917914000000
100000 0.321377022000000
250000 1.260211711000000
500000 2.635871828000000
750000 4.363791086999999
1000000 4.217737060999998
2500000 13.226288364000002
5000000 30.462158806999994
7500000 50.628463377999992
10000000 70.653475411999977
