3 0.000002383000000
5 0.000002097000000
7 0.000002765000000
10 0.000004207000000
25 0.000011583000000
50 0.000022130000000
75 0.000043271000000
100 0.000013291000000
250 0.000034511000000
500 0.000071540000000
750 0.000146181000000
1000 0.000204377000000
2500 0.000522240000000
5000 0.001053776000000
7500 0.002091951000000
10000 0.002528621000000
25000 0.008984422000000
50000 0.023681997000000
75000 0.035598120000000
100000 0.054972172000000
250000 0.158398971000000
500000 0.366024880000000
750000 0.591336716999999
1000000 0.881790408000001
2500000 2.708581111000001
5000000 6.449851226000007
7500000 10.262667929000003
10000000 14.665202546999978
