3 0.000002560000000
5 0.000002080000000
7 0.000003430000000
10 0.000004180000000
25 0.000014217000000
50 0.000022663000000
75 0.000043394000000
100 0.000011228000000
250 0.000041618000000
500 0.000089969000000
750 0.000161795000000
1000 0.000198067000000
2500 0.000607540000000
5000 0.001248830000000
7500 0.002096439000000
10000 0.002908587000000
25000 0.009085001000000
50000 0.025328557000000
75000 0.042456517000000
100000 0.061346902000000
250000 0.176389357000000
500000 0.408647105000000
750000 0.663796682999999
1000000 0.959279838000000
2500000 2.892186070000001
5000000 6.978587285000003
7500000 11.222881440000009
10000000 15.853889949000006
