3 0.000003730000000
5 0.000002684000000
7 0.000003042000000
10 0.000005567000000
25 0.000014548000000
50 0.000024043000000
75 0.000037219000000
100 0.000012014000000
250 0.000038502000000
500 0.000086107000000
750 0.000176420000000
1000 0.000184011000000
2500 0.000545904000000
5000 0.001070771000000
7500 0.001750545000000
10000 0.002873127000000
25000 0.008512210000000
50000 0.019287726000000
75000 0.033970947000000
100000 0.050854576000000
250000 0.162240413000000
500000 0.375319082000000
750000 0.611074442000001
1000000 0.879900395000000
2500000 2.745167918000000
5000000 6.694292407999995
7500000 10.763757908999992
10000000 15.149629292000043
